     1: hCoV-19/England/SHEF-10D69AB/2020|EPI_ISL_742089|2020-12-05  100.00   91.55   93.33   95.20   94.89   94.89   94.46   94.95   93.58   94.97   94.15   94.31   94.27   94.27   94.27   94.27   94.28   94.30   93.29   92.49   92.53   94.23   94.32   94.72   95.21   94.11   96.25   94.48   95.24   96.15   94.37   94.77   94.76   95.39   95.13   95.16   95.17   95.17   95.17   95.17   95.17   95.16   95.17   95.17   95.17   95.17   95.18   95.18   95.18   95.18   95.18   95.18   95.44   94.57   96.24   96.24   96.24   95.93   96.21   96.28   95.28   94.75   95.75   94.85   95.62   95.04   95.19   95.20   95.20   95.17   95.08   95.19   95.19   95.19   95.20   95.30   95.27   95.24   95.28   95.27   95.27   95.27   95.27   95.27   95.27   95.27   95.27   95.28   95.28   95.27   95.27   95.28   95.21   95.20   95.23   95.21   95.24   95.21   95.21   95.23
     2: hCoV-19/England/LIVE-DCDAF5/2020|EPI_ISL_838389|2020-12-05    91.55  100.00   98.22   96.32   96.39   96.29   96.08   96.20   96.52   96.55   96.95   97.02   97.21   97.23   97.23   97.23   97.23   97.23   95.97   96.81   93.48   95.28   95.30   95.12   94.16   95.23   93.29   94.15   94.28   95.22   95.34   95.73   95.73   95.91   96.10   96.13   96.13   96.14   96.13   96.13   96.13   96.13   96.14   96.14   96.13   96.13   96.14   96.14   96.15   96.15   96.15   96.15   95.13   95.56   95.27   95.27   95.26   95.22   95.18   95.26   95.28   95.73   95.73   95.81   95.72   96.46   96.15   96.16   96.16   96.14   96.04   96.15   96.15   96.16   96.16   96.24   96.21   96.22   96.24   96.24   96.24   96.24   96.24   96.24   96.26   96.24   96.25   96.25   96.26   96.26   96.26   96.26   96.17   96.16   96.18   96.16   96.20   96.18   96.18   96.19
     3: hCoV-19/England/LIVE-DCE0D4/2020|EPI_ISL_838432|2020-12-05    93.33   98.22  100.00   98.10   98.18   97.91   97.21   97.70   98.31   98.33   98.73   98.80   99.00   99.01   99.01   99.01   99.01   99.02   97.02   97.12   95.27   97.06   97.10   96.92   95.95   96.86   95.07   95.28   96.06   97.00   97.12   97.52   97.52   97.70   97.89   97.91   97.92   97.92   97.92   97.91   97.92   97.91   97.92   97.92   97.92   97.92   97.93   97.93   97.93   97.93   97.93   97.93   96.26   97.35   97.06   97.05   97.03   97.00   96.96   97.05   97.06   97.51   97.51   97.59   97.50   98.23   97.93   97.95   97.95   97.92   97.83   97.93   97.93   97.94   97.94   98.01   97.99   98.00   98.02   98.02   98.02   98.03   98.02   98.02   98.04   98.03   98.03   98.04   98.04   98.04   98.04   98.04   97.95   97.94   97.97   97.94   97.98   97.96   97.96   97.98
     4: hCoV-19/England/LIVE-DCD934/2020|EPI_ISL_838375|2020-12-05    95.20   96.32   98.10  100.00   98.22   97.95   97.24   97.73   98.35   98.36   98.77   98.84   99.03   99.05   99.04   99.04   99.05   99.06   96.07   95.28   95.31   97.11   97.14   96.96   95.99   96.90   95.10   95.33   96.08   97.05   97.15   97.56   97.55   97.74   97.93   97.95   97.96   97.96   97.96   97.95   97.96   97.95   97.96   97.96   97.96   97.96   97.97   97.97   97.97   97.97   97.97   97.97   96.28   97.37   97.08   97.08   97.07   97.04   97.00   97.07   98.07   97.54   97.55   97.64   97.55   98.27   97.98   97.99   97.99   97.96   97.87   97.98   97.98   97.98   97.98   98.09   98.06   98.03   98.07   98.06   98.06   98.06   98.06   98.06   98.06   98.05   98.06   98.06   98.06   98.06   98.06   98.06   98.00   97.98   98.01   97.99   98.03   98.00   98.00   98.02
     5: hCoV-19/England/LOND-12E84A3/2020|EPI_ISL_741313|2020-12-05   94.89   96.39   98.18   98.22  100.00   99.40   98.68   99.17   98.42   99.42   99.21   99.14   99.00   99.12   99.11   99.12   99.12   99.15   96.21   95.47   95.43   97.23   97.28   97.10   97.56   97.09   96.62   95.48   96.16   97.17   97.23   97.85   97.74   98.34   98.23   98.25   98.15   98.21   98.20   98.25   98.25   98.22   98.16   98.26   98.25   98.25   98.26   98.26   98.26   98.24   98.27   98.27   96.39   97.45   97.16   97.15   97.15   98.68   98.58   98.59   97.16   97.61   98.47   97.76   97.67   98.35   98.14   98.12   98.12   98.13   97.89   98.11   98.10   98.11   98.11   98.13   98.13   98.10   98.12   98.13   98.13   98.14   98.14   98.14   98.14   98.13   98.14   98.14   98.14   98.14   98.14   98.14   98.02   98.11   98.14   98.11   98.15   98.13   98.13   98.15
     6: hCoV-19/England/LOND-E28EE/2020|EPI_ISL_819562|2020-12-05     94.89   96.29   97.91   97.95   99.40  100.00   99.05   99.52   98.16   99.26   98.95   98.87   98.85   98.85   98.85   98.85   98.85   98.89   96.04   95.30   95.17   96.97   97.01   96.83   97.55   96.93   96.61   95.48   95.90   96.91   96.96   97.59   97.58   98.08   97.96   97.98   97.98   97.99   97.99   97.98   97.98   97.98   97.99   97.99   97.99   97.99   98.00   98.00   98.00   98.00   98.00   98.00   96.40   97.18   96.90   96.89   96.89   98.45   98.57   98.58   96.90   97.35   98.20   97.50   97.41   98.09   97.87   97.86   97.86   97.87   97.73   97.84   97.84   97.84   97.85   97.86   97.86   97.84   97.87   97.87   97.87   97.87   97.87   97.88   97.87   97.86   97.87   97.87   97.87   97.87   97.87   97.88   97.86   97.85   97.87   97.85   97.89   97.87   97.87   97.88
     7: hCoV-19/England/LOND-E2408/2020|EPI_ISL_819560|2020-12-05     94.46   96.08   97.21   97.24   98.68   99.05  100.00   99.51   97.44   98.85   98.03   97.87   98.20   98.20   98.15   98.15   98.15   98.05   95.18   94.38   94.41   96.21   96.23   96.05   97.08   96.00   96.20   96.03   95.19   96.15   96.26   96.66   96.65   97.21   97.03   97.05   97.05   96.99   97.01   97.05   97.05   96.97   97.06   97.06   97.06   96.98   97.07   96.99   96.98   96.99   97.00   97.07   97.00   96.48   96.19   96.19   96.17   97.75   98.10   98.17   96.20   96.65   97.55   96.73   96.64   97.37   97.08   97.09   97.09   97.06   96.96   97.08   97.07   97.08   97.08   97.04   97.13   97.14   97.06   97.16   97.16   97.16   97.15   97.16   97.17   97.16   97.17   97.17   97.17   97.17   97.17   97.18   97.10   97.08   97.11   97.09   97.12   97.10   97.10   97.12
     8: hCoV-19/England/LOND-E2963/2020|EPI_ISL_819561|2020-12-05     94.95   96.20   97.70   97.73   99.17   99.52   99.51  100.00   97.93   99.34   98.51   98.35   98.69   98.68   98.63   98.64   98.63   98.54   95.66   94.86   94.89   96.70   96.72   96.54   97.56   96.48   96.69   95.54   95.68   96.63   96.75   97.14   97.14   97.69   97.51   97.53   97.54   97.48   97.49   97.54   97.53   97.45   97.54   97.54   97.54   97.46   97.55   97.48   97.47   97.47   97.48   97.55   96.51   96.97   96.68   96.67   96.66   98.23   98.58   98.66   96.69   97.14   98.04   97.22   97.13   97.85   97.56   97.57   97.57   97.55   97.45   97.56   97.56   97.56   97.57   97.53   97.62   97.62   97.55   97.65   97.65   97.65   97.64   97.64   97.66   97.65   97.66   97.66   97.66   97.66   97.66   97.66   97.58   97.57   97.59   97.58   97.61   97.59   97.59   97.60
     9: hCoV-19/England/LIVE-DCDDCF/2020|EPI_ISL_838409|2020-12-05    93.58   96.52   98.31   98.35   98.42   98.16   97.44   97.93  100.00   98.56   98.98   99.05   99.23   99.24   99.24   99.24   99.25   99.26   96.28   95.48   95.51   97.31   97.34   97.17   96.19   97.11   95.30   95.52   96.29   97.25   97.36   97.76   97.76   97.94   98.14   98.16   98.16   98.16   98.16   98.16   98.16   98.16   98.17   98.17   98.16   98.16   98.17   98.17   98.17   98.18   98.18   98.18   96.48   97.58   97.28   97.28   97.27   97.25   97.21   97.27   97.29   97.74   97.76   97.84   97.75   98.48   98.18   98.19   98.19   98.16   98.07   98.18   98.18   98.18   98.19   98.26   98.23   98.24   98.26   98.26   98.26   98.26   98.26   98.26   98.27   98.26   98.26   98.26   98.26   98.27   98.26   98.27   98.20   98.18   98.21   98.19   98.23   98.21   98.21   98.22
    10: hCoV-19/England/LIVE-DCE3BD/2020|EPI_ISL_838452|2020-12-05    94.97   96.55   98.33   98.36   99.42   99.26   98.85   99.34   98.56  100.00   99.13   99.06   99.25   99.27   99.27   99.27   99.27   99.29   96.30   95.49   95.52   97.32   97.36   97.18   97.59   97.12   96.71   95.53   96.31   97.26   97.38   97.78   97.77   98.39   98.15   98.17   98.17   98.18   98.18   98.17   98.17   98.17   98.18   98.18   98.18   98.18   98.19   98.19   98.19   98.19   98.19   98.19   96.51   97.61   97.31   97.31   97.29   98.32   98.61   98.68   97.32   97.77   98.14   97.85   97.76   98.49   98.19   98.21   98.21   98.18   98.08   98.19   98.19   98.20   98.20   98.27   98.25   98.26   98.28   98.28   98.28   98.28   98.27   98.28   98.29   98.28   98.29   98.29   98.29   98.29   98.29   98.30   98.21   98.20   98.23   98.20   98.24   98.22   98.22   98.23
    11: hCoV-19/England/LOND-12E841C/2020|EPI_ISL_741307|2020-12-05   94.15   96.95   98.73   98.77   99.21   98.95   98.03   98.51   98.98   99.13  100.00   99.69   99.56   99.67   99.67   99.67   99.68   99.69   96.77   96.03   95.99   97.79   97.84   97.66   96.81   97.66   95.87   96.13   96.72   97.73   97.79   98.41   98.30   98.59   98.80   98.80   98.71   98.77   98.76   98.81   98.81   98.78   98.72   98.81   98.82   98.82   98.82   98.82   98.83   98.79   98.82   98.82   97.05   98.01   97.72   97.71   97.71   97.98   97.83   97.85   97.72   98.17   98.20   98.32   98.23   98.91   98.69   98.68   98.68   98.69   98.44   98.66   98.66   98.67   98.67   98.68   98.68   98.66   98.68   98.69   98.69   98.69   98.70   98.70   98.70   98.69   98.69   98.69   98.69   98.69   98.69   98.70   98.57   98.67   98.70   98.67   98.71   98.69   98.69   98.70
    12: hCoV-19/England/204990304/2020|EPI_ISL_722989|2020-12-05      94.31   97.02   98.80   98.84   99.14   98.87   97.87   98.35   99.05   99.06   99.69  100.00   99.65   99.74   99.74   99.74   99.74   99.76   97.10   96.36   96.29   97.86   98.14   97.97   96.97   97.98   96.03   96.30   97.02   98.03   98.09   98.71   98.63   98.89   99.09   99.10   99.04   99.11   99.09   99.11   99.11   99.10   99.04   99.11   99.11   99.11   99.12   99.12   99.12   99.12   99.12   99.12   97.22   98.31   98.02   98.01   98.01   98.19   97.99   98.01   98.02   98.47   98.49   98.62   98.53   99.19   98.99   98.98   98.98   98.99   98.79   98.97   98.96   98.97   98.97   98.99   98.99   98.96   98.99   98.99   98.99   99.00   99.00   99.00   99.00   98.99   99.00   99.00   99.00   99.00   99.00   99.00   98.91   98.97   99.00   98.97   99.01   98.99   98.99   99.01
    13: hCoV-19/England/LOND-E28FD/2020|EPI_ISL_819563|2020-12-05     94.27   97.21   99.00   99.03   99.00   98.85   98.20   98.69   99.23   99.25   99.56   99.65  100.00  100.00   99.95   99.95   99.95   99.84   96.96   96.16   96.21   98.01   98.05   97.87   96.89   97.78   96.01   96.22   96.99   97.95   98.06   98.46   98.43   98.55   98.82   98.85   98.83   98.77   98.79   98.85   98.83   98.75   98.84   98.86   98.86   98.76   98.87   98.78   98.77   98.77   98.78   98.87   97.19   98.27   97.99   97.99   97.97   97.86   97.90   97.98   98.00   98.45   98.35   98.53   98.44   99.15   98.88   98.89   98.89   98.86   98.74   98.88   98.87   98.88   98.88   98.82   98.94   98.94   98.84   98.96   98.96   98.97   98.96   98.96   98.98   98.97   98.97   98.97   98.97   98.96   98.97   98.98   98.87   98.88   98.91   98.89   98.92   98.90   98.90   98.92
    14: hCoV-19/England/LOND-E26F3/2020|EPI_ISL_819566|2020-12-05     94.27   97.23   99.01   99.05   99.12   98.85   98.20   98.68   99.24   99.27   99.67   99.74  100.00  100.00   99.95   99.95   99.95   99.96   96.98   96.17   96.21   98.01   98.05   97.87   96.89   97.80   96.01   96.22   96.99   97.95   98.06   98.46   98.45   98.64   98.84   98.85   98.85   98.86   98.86   98.85   98.85   98.85   98.86   98.86   98.86   98.86   98.87   98.87   98.87   98.87   98.87   98.87   97.19   98.29   97.99   97.99   97.97   97.94   97.90   97.98   98.00   98.45   98.45   98.53   98.44   99.17   98.88   98.89   98.89   98.86   98.76   98.88   98.87   98.88   98.88   98.95   98.94   98.94   98.96   98.96   98.96   98.97   98.96   98.96   98.98   98.97   98.97   98.97   98.97   98.97   98.97   98.98   98.89   98.88   98.91   98.89   98.92   98.90   98.90   98.92
    15: hCoV-19/England/LOND-E258D/2020|EPI_ISL_819564|2020-12-05     94.27   97.23   99.01   99.04   99.11   98.85   98.15   98.63   99.24   99.27   99.67   99.74   99.95   99.95  100.00  100.00   99.95   99.95   96.97   96.17   96.20   98.00   98.05   97.87   96.88   97.80   96.01   96.22   96.99   97.94   98.06   98.45   98.45   98.63   98.83   98.85   98.85   98.85   98.85   98.85   98.85   98.85   98.86   98.86   98.85   98.85   98.86   98.86   98.86   98.87   98.87   98.87   97.19   98.29   97.99   97.99   97.97   97.94   97.90   97.98   98.00   98.45   98.45   98.53   98.44   99.17   98.87   98.88   98.88   98.86   98.76   98.87   98.87   98.88   98.88   98.95   98.93   98.94   98.96   98.96   98.96   98.96   98.95   98.96   98.97   98.96   98.97   98.97   98.97   98.97   98.97   98.97   98.89   98.88   98.91   98.88   98.92   98.90   98.90   98.91
    16: hCoV-19/England/LOND-E2602/2020|EPI_ISL_819565|2020-12-05     94.27   97.23   99.01   99.04   99.12   98.85   98.15   98.64   99.24   99.27   99.67   99.74   99.95   99.95  100.00  100.00   99.95   99.96   96.98   96.17   96.21   98.00   98.05   97.87   96.89   97.80   96.01   96.22   97.00   97.94   98.06   98.46   98.45   98.64   98.84   98.85   98.85   98.86   98.86   98.85   98.85   98.85   98.86   98.86   98.86   98.86   98.87   98.87   98.87   98.87   98.87   98.87   97.20   98.29   98.00   97.99   97.98   97.94   97.90   97.98   98.00   98.45   98.45   98.53   98.44   99.17   98.87   98.89   98.89   98.86   98.76   98.88   98.87   98.88   98.88   98.95   98.93   98.94   98.96   98.96   98.96   98.97   98.96   98.96   98.98   98.97   98.97   98.97   98.97   98.97   98.97   98.98   98.89   98.88   98.91   98.88   98.92   98.90   98.90   98.92
    17: hCoV-19/England/LOND-E2875/2020|EPI_ISL_819567|2020-12-05     94.28   97.23   99.01   99.05   99.12   98.85   98.15   98.63   99.25   99.27   99.68   99.74   99.95   99.95   99.95   99.95  100.00   99.96   96.98   96.18   96.21   98.01   98.05   97.87   96.89   97.80   96.01   96.22   96.99   97.94   98.06   98.46   98.46   98.64   98.84   98.85   98.86   98.86   98.86   98.86   98.86   98.85   98.86   98.86   98.86   98.86   98.87   98.87   98.87   98.87   98.87   98.87   97.19   98.29   97.99   97.99   97.98   97.94   97.91   97.98   98.00   98.45   98.45   98.54   98.45   99.17   98.88   98.89   98.89   98.86   98.77   98.88   98.88   98.88   98.88   98.96   98.93   98.94   99.00   98.97   98.97   98.98   98.96   98.96   98.97   98.96   98.97   98.97   98.97   98.97   98.97   98.97   98.90   98.88   98.91   98.89   98.93   98.91   98.91   98.92
    18: hCoV-19/England/LOND-DCF2E/2020|EPI_ISL_839334|2020-12-05     94.30   97.23   99.02   99.06   99.15   98.89   98.05   98.54   99.26   99.29   99.69   99.76   99.84   99.96   99.95   99.96   99.96  100.00   96.89   96.09   96.23   98.03   98.07   97.89   96.92   97.72   96.02   96.24   97.00   97.97   98.07   98.48   98.37   98.67   98.86   98.87   98.77   98.84   98.82   98.88   98.88   98.85   98.78   98.88   98.88   98.88   98.89   98.89   98.89   98.86   98.90   98.89   97.20   98.29   98.00   97.99   97.99   97.98   97.94   98.00   98.00   98.46   98.47   98.56   98.47   99.19   98.90   98.91   98.91   98.87   98.68   98.90   98.90   98.90   98.90   98.97   98.95   98.94   98.96   98.97   98.97   98.98   98.97   98.98   98.98   98.97   98.98   98.98   98.98   98.98   98.98   98.98   98.81   98.90   98.93   98.91   98.95   98.93   98.93   98.94
    19: hCoV-19/England/NORW-FA33D/2020|EPI_ISL_725496|2020-12-05     93.29   95.97   97.02   96.07   96.21   96.04   95.18   95.66   96.28   96.30   96.77   97.10   96.96   96.98   96.97   96.98   96.98   96.89  100.00   98.86   95.38   95.07   97.09   96.92   95.93   97.05   95.01   95.26   96.00   96.98   97.08   97.63   97.64   97.74   98.01   98.02   98.04   97.97   97.98   98.02   98.03   97.94   98.04   98.03   98.03   97.95   98.04   97.96   97.96   97.95   97.97   98.04   96.21   97.29   97.00   97.01   96.99   97.04   96.94   96.99   97.00   97.46   97.38   97.57   97.48   97.74   97.96   97.95   97.95   98.08   97.82   97.91   97.91   97.92   97.92   97.86   97.98   97.95   97.87   97.97   97.97   97.98   97.97   97.98   97.98   97.97   97.98   97.98   97.98   97.98   97.98   97.98   97.93   97.92   97.97   97.92   97.96   97.95   97.94   97.96
    20: hCoV-19/England/NORW-FA4EF/2020|EPI_ISL_725508|2020-12-05     92.49   96.81   97.12   95.28   95.47   95.30   94.38   94.86   95.48   95.49   96.03   96.36   96.16   96.17   96.17   96.17   96.18   96.09   98.86  100.00   94.48   94.29   96.31   96.13   95.16   96.57   94.20   94.48   95.20   96.21   96.27   96.89   96.90   97.00   97.26   97.28   97.30   97.23   97.25   97.28   97.29   97.20   97.31   97.29   97.29   97.21   97.30   97.22   97.22   97.21   97.23   97.30   95.40   96.48   96.19   96.19   96.19   96.30   96.17   96.19   96.20   96.65   96.59   96.80   96.71   96.95   97.17   97.16   97.16   97.17   97.05   97.14   97.14   97.15   97.15   97.07   97.16   97.14   97.07   97.17   97.17   97.17   97.18   97.18   97.18   97.17   97.17   97.17   97.17   97.18   97.17   97.18   97.17   97.15   97.18   97.15   97.19   97.17   97.17   97.18
    21: hCoV-19/England/CAMB-1BD247/2020|EPI_ISL_740962|2020-12-05    92.53   93.48   95.27   95.31   95.43   95.17   94.41   94.89   95.51   95.52   95.99   96.29   96.21   96.21   96.20   96.21   96.21   96.23   95.38   94.48  100.00   94.35   96.33   96.16   95.29   96.10   94.24   94.54   95.23   96.26   96.30   97.29   96.75   96.94   97.13   97.15   97.15   97.16   97.16   97.15   97.16   97.15   97.16   97.16   97.16   97.16   97.17   97.17   97.17   97.17   97.17   97.17   95.43   96.51   96.22   96.24   96.22   96.24   96.20   96.22   96.24   96.69   96.71   96.84   96.84   96.99   97.17   97.19   97.19   97.11   97.07   97.27   97.27   97.28   97.18   97.20   97.18   97.18   97.21   97.21   97.21   97.21   97.21   97.21   97.21   97.20   97.21   97.21   97.21   97.21   97.21   97.21   97.20   97.18   97.22   97.20   97.23   97.23   97.22   97.24
    22: hCoV-19/England/NOTT-246B47/2020|EPI_ISL_840028|2020-12-05    94.23   95.28   97.06   97.11   97.23   96.97   96.21   96.70   97.31   97.32   97.79   97.86   98.01   98.01   98.00   98.00   98.01   98.03   95.07   94.29   94.35  100.00   96.14   95.96   95.02   95.92   94.06   94.37   95.04   98.04   96.13   96.58   96.57   96.75   96.95   96.97   96.97   96.98   96.98   96.98   96.97   96.97   96.98   96.98   96.98   96.98   96.99   96.99   96.99   96.99   96.99   96.99   95.24   96.33   96.04   96.05   96.03   96.07   96.03   96.04   96.05   96.50   96.51   96.65   96.57   97.24   96.98   97.00   97.00   96.93   96.88   97.01   97.00   97.01   97.00   97.01   96.99   96.99   97.02   97.02   97.02   97.02   97.02   97.02   97.02   97.01   97.02   97.02   97.02   97.02   97.02   97.02   97.01   97.00   97.03   97.10   97.04   97.05   97.05   97.06
    23: hCoV-19/England/QEUH-BF19C0/2020|EPI_ISL_709107|2020-12-05    94.32   95.30   97.10   97.14   97.28   97.01   96.23   96.72   97.34   97.36   97.84   98.14   98.05   98.05   98.05   98.05   98.05   98.07   97.09   96.31   96.33   96.14  100.00   99.58   97.02   98.19   96.06   96.33   97.06   98.08   98.15   98.62   99.01   98.80   99.00   99.01   99.01   99.02   99.02   99.01   99.01   99.01   99.02   99.02   99.02   99.02   99.03   99.03   99.03   99.03   99.03   99.03   97.27   98.37   98.06   98.06   98.06   98.09   98.04   98.06   98.07   98.53   98.55   98.68   98.58   98.83   99.03   99.04   99.04   98.98   99.04   99.02   99.02   99.03   99.02   99.05   99.03   99.02   99.05   99.05   99.05   99.06   99.06   99.06   99.06   99.05   99.06   99.06   99.06   99.06   99.06   99.06   99.05   99.03   99.06   99.03   99.07   99.05   99.05   99.06
    24: hCoV-19/England/QEUH-BF19B1/2020|EPI_ISL_709148|2020-12-05    94.72   95.12   96.92   96.96   97.10   96.83   96.05   96.54   97.17   97.18   97.66   97.97   97.87   97.87   97.87   97.87   97.87   97.89   96.92   96.13   96.16   95.96   99.58  100.00   96.85   98.02   95.88   96.16   96.88   97.90   97.97   98.44   98.83   98.62   98.82   98.83   98.84   98.84   98.84   98.84   98.84   98.83   98.84   98.84   98.84   98.84   98.85   98.85   98.85   98.85   98.85   98.85   97.09   98.19   97.89   97.89   97.89   97.91   97.86   97.88   97.90   98.36   98.37   98.50   98.41   98.65   98.85   98.86   98.86   98.80   98.86   98.85   98.85   98.86   98.85   98.87   98.85   98.85   98.88   98.88   98.88   98.88   98.88   98.88   98.88   98.88   98.88   98.88   98.88   98.88   98.88   98.88   98.87   98.85   98.88   98.85   98.89   98.87   98.87   98.89
    25: hCoV-19/England/NORT-1B7286D/2020|EPI_ISL_724905|2020-12-05   95.21   94.16   95.95   95.99   97.56   97.55   97.08   97.56   96.19   97.59   96.81   96.97   96.89   96.89   96.88   96.89   96.89   96.92   95.93   95.16   95.29   95.02   97.02   96.85  100.00   96.78   98.90   95.21   97.90   96.94   96.98   97.44   97.43   98.06   97.81   97.83   97.84   97.84   97.84   97.84   97.84   97.83   97.84   97.84   97.84   97.84   97.85   97.85   97.85   97.85   97.85   97.85   96.11   97.20   96.90   96.90   96.92   98.60   98.87   98.89   96.92   97.37   98.37   97.51   97.53   97.66   97.86   97.88   97.88   97.79   97.75   97.96   97.96   97.97   97.87   97.88   97.86   97.85   97.89   97.89   97.89   97.89   97.89   97.89   97.89   97.88   97.89   97.89   97.89   97.89   97.89   97.89   97.87   97.86   97.90   97.90   97.90   97.90   97.91   97.92
    26: hCoV-19/England/NORW-EFB42/2020|EPI_ISL_725106|2020-12-05     94.11   95.23   96.86   96.90   97.09   96.93   96.00   96.48   97.11   97.12   97.66   97.98   97.78   97.80   97.80   97.80   97.80   97.72   97.05   96.57   96.10   95.92   98.19   98.02   96.78  100.00   95.83   96.11   96.82   97.84   97.90   98.51   98.95   98.63   98.90   98.91   98.94   98.85   98.87   98.91   98.92   98.83   98.93   98.92   98.92   98.84   98.92   98.85   98.85   98.84   98.85   98.93   97.03   98.56   97.82   97.82   97.82   97.93   97.79   97.81   97.83   98.28   98.22   98.42   98.33   98.58   98.80   98.79   98.79   98.79   98.90   98.77   98.77   98.77   98.78   98.69   98.79   98.77   98.70   98.80   98.80   98.80   98.80   98.81   98.80   98.79   98.80   98.80   98.80   98.80   98.80   98.80   98.79   98.78   98.81   98.78   98.82   98.80   98.80   98.81
    27: hCoV-19/England/SHEF-10D4A5F/2020|EPI_ISL_742069|2020-12-05   96.25   93.29   95.07   95.10   96.62   96.61   96.20   96.69   95.30   96.71   95.87   96.03   96.01   96.01   96.01   96.01   96.01   96.02   95.01   94.20   94.24   94.06   96.06   95.88   98.90   95.83  100.00   96.19   98.97   95.97   96.09   96.49   96.49   97.11   96.86   96.88   96.89   96.89   96.89   96.89   96.89   96.88   96.89   96.89   96.89   96.89   96.90   96.90   96.90   96.90   96.90   96.90   97.19   96.31   97.97   97.97   97.95   97.64   97.93   98.01   96.04   96.48   97.46   96.56   97.33   96.76   96.90   96.92   96.92   96.89   96.79   96.90   96.90   96.91   96.92   96.98   96.96   96.97   96.99   96.99   96.99   97.00   96.98   96.99   97.01   96.99   97.00   97.01   97.00   97.00   97.00   97.01   96.92   96.91   96.94   96.91   96.95   96.93   96.93   96.94
    28: hCoV-19/England/SHEF-10C7F41/2020|EPI_ISL_816279|2020-12-05   94.48   94.15   95.28   95.33   95.48   95.48   96.03   95.54   95.52   95.53   96.13   96.30   96.22   96.22   96.22   96.22   96.22   96.24   95.26   94.48   94.54   94.37   96.33   96.16   95.21   96.11   96.19  100.00   97.18   96.29   96.31   96.77   96.76   96.95   97.14   97.16   97.16   97.17   97.17   97.16   97.16   97.16   97.17   97.17   97.17   97.17   97.18   97.18   97.18   97.18   97.18   97.18   99.00   96.52   98.18   98.18   98.18   96.25   96.22   96.23   96.25   96.70   96.71   96.84   97.63   97.00   97.18   97.20   97.20   97.12   97.09   97.20   97.20   97.21   97.19   97.21   97.19   97.19   97.21   97.21   97.21   97.22   97.22   97.22   97.22   97.21   97.22   97.22   97.22   97.22   97.22   97.22   97.21   97.20   97.22   97.23   97.24   97.24   97.24   97.26
    29: hCoV-19/England/SHEF-10C710F/2020|EPI_ISL_741946|2020-12-05   95.24   94.28   96.06   96.08   96.16   95.90   95.19   95.68   96.29   96.31   96.72   97.02   96.99   96.99   96.99   97.00   96.99   97.00   96.00   95.20   95.23   95.04   97.06   96.88   97.90   96.82   98.97   97.18  100.00   96.96   97.08   97.48   97.48   97.66   97.85   97.87   97.88   97.88   97.88   97.88   97.88   97.87   97.88   97.88   97.88   97.88   97.89   97.89   97.89   97.89   97.89   97.89   98.16   97.31   99.00   98.96   98.94   96.96   96.92   97.01   97.02   97.47   97.47   97.55   98.32   97.75   97.89   97.91   97.91   97.88   97.78   97.89   97.89   97.90   97.90   97.97   97.95   97.96   97.99   97.99   97.99   97.99   97.98   97.98   98.00   97.99   97.99   98.00   98.00   98.00   98.00   98.00   97.91   97.90   97.93   97.90   97.94   97.92   97.92   97.93
    30: hCoV-19/England/NOTT-246BB0/2020|EPI_ISL_840034|2020-12-05    96.15   95.22   97.00   97.05   97.17   96.91   96.15   96.63   97.25   97.26   97.73   98.03   97.95   97.95   97.94   97.94   97.94   97.97   96.98   96.21   96.26   98.04   98.08   97.90   96.94   97.84   95.97   96.29   96.96  100.00   98.05   98.49   98.49   98.67   98.87   98.89   98.89   98.89   98.89   98.89   98.89   98.89   98.90   98.90   98.89   98.89   98.90   98.90   98.90   98.91   98.91   98.91   97.17   98.26   97.96   97.96   97.96   97.98   97.94   97.95   97.97   98.42   98.44   98.57   98.50   98.72   98.91   98.92   98.92   98.85   98.81   98.93   98.93   98.94   98.92   98.94   98.91   98.91   98.94   98.94   98.94   98.94   98.95   98.95   98.95   98.94   98.94   98.95   98.95   98.94   98.94   98.95   98.94   98.92   98.96   99.01   98.97   98.97   98.97   98.99
    31: hCoV-19/England/CAMB-1BCF23/2020|EPI_ISL_723911|2020-12-05    94.37   95.34   97.12   97.15   97.23   96.96   96.26   96.75   97.36   97.38   97.79   98.09   98.06   98.06   98.06   98.06   98.06   98.07   97.08   96.27   96.30   96.13   98.15   97.97   96.98   97.90   96.09   96.31   97.08   98.05  100.00   98.55   98.55   98.73   98.93   98.95   98.95   98.95   98.95   98.95   98.95   98.95   98.96   98.96   98.95   98.95   98.96   98.96   98.96   98.97   98.97   98.97   97.29   98.38   98.08   98.08   98.07   98.04   97.99   98.07   98.09   98.55   98.54   98.63   98.54   98.82   98.94   98.98   98.98   98.96   98.86   98.97   98.97   98.98   98.98   99.05   99.03   99.03   99.06   99.06   99.06   99.06   99.05   99.05   99.07   99.06   99.07   99.07   99.07   99.07   99.07   99.07   98.99   98.98   99.01   98.99   99.02   99.00   99.00   99.01
    32: hCoV-19/England/ALDP-C0696D/2020|EPI_ISL_709562|2020-12-05    94.77   95.73   97.52   97.56   97.85   97.59   96.66   97.14   97.76   97.78   98.41   98.71   98.46   98.46   98.45   98.46   98.46   98.48   97.63   96.89   97.29   96.58   98.62   98.44   97.44   98.51   96.49   96.77   97.48   98.49   98.55  100.00   99.17   99.35   99.55   99.57   99.57   99.57   99.57   99.58   99.57   99.57   99.58   99.58   99.57   99.57   99.58   99.58   99.58   99.59   99.59   99.59   97.69   98.78   98.48   98.48   98.48   98.67   98.45   98.47   98.75   99.21   98.96   99.08   98.99   99.24   99.46   99.44   99.44   99.45   99.32   99.43   99.43   99.43   99.43   99.45   99.45   99.43   99.46   99.46   99.46   99.46   99.46   99.47   99.46   99.45   99.46   99.46   99.46   99.46   99.46   99.46   99.45   99.43   99.46   99.44   99.48   99.46   99.46   99.47
    33: hCoV-19/England/NORW-EFBF7/2020|EPI_ISL_725109|2020-12-05     94.76   95.73   97.52   97.55   97.74   97.58   96.65   97.14   97.76   97.77   98.30   98.63   98.43   98.45   98.45   98.45   98.46   98.37   97.64   96.90   96.75   96.57   99.01   98.83   97.43   98.95   96.49   96.76   97.48   98.49   98.55   99.17  100.00   99.28   99.55   99.57   99.59   99.50   99.52   99.56   99.57   99.48   99.58   99.57   99.57   99.49   99.58   99.50   99.50   99.49   99.50   99.58   97.68   98.77   98.47   98.47   98.47   98.58   98.44   98.47   98.48   98.93   98.87   99.08   98.99   99.23   99.45   99.44   99.44   99.45   99.55   99.42   99.42   99.43   99.43   99.34   99.44   99.42   99.35   99.45   99.45   99.46   99.46   99.46   99.46   99.45   99.46   99.46   99.46   99.46   99.46   99.46   99.44   99.43   99.46   99.43   99.47   99.45   99.45   99.46
    34: hCoV-19/England/205000520/2020|EPI_ISL_754286|2020-12-05      95.39   95.91   97.70   97.74   98.34   98.08   97.21   97.69   97.94   98.39   98.59   98.89   98.55   98.64   98.63   98.64   98.64   98.67   97.74   97.00   96.94   96.75   98.80   98.62   98.06   98.63   97.11   96.95   97.66   98.67   98.73   99.35   99.28  100.00   99.73   99.74   99.68   99.75   99.73   99.75   99.75   99.74   99.69   99.75   99.75   99.75   99.76   99.76   99.76   99.77   99.77   99.76   97.86   98.96   98.66   98.66   98.66   99.28   99.07   99.09   98.67   99.12   99.13   99.26   99.17   99.41   99.63   99.62   99.62   99.63   99.43   99.60   99.61   99.61   99.61   99.63   99.63   99.60   99.63   99.63   99.63   99.64   99.64   99.64   99.64   99.63   99.64   99.64   99.64   99.64   99.64   99.64   99.56   99.61   99.64   99.61   99.65   99.63   99.63   99.65
    35: hCoV-19/England/LOND-12880FC/2020|EPI_ISL_843054|2020-12-05   95.13   96.10   97.89   97.93   98.23   97.96   97.03   97.51   98.14   98.15   98.80   99.09   98.82   98.84   98.83   98.84   98.84   98.86   98.01   97.26   97.13   96.95   99.00   98.82   97.81   98.90   96.86   97.14   97.85   98.87   98.93   99.55   99.55   99.73  100.00   99.95   99.96   99.96   99.96   99.95   99.96   99.96   99.97   99.96   99.97   99.96   99.97   99.97   99.97   99.97   99.97   99.97   98.06   99.16   98.86   98.86   98.86   99.04   98.83   98.85   98.86   99.32   99.34   99.46   99.37   99.62   99.84   99.83   99.83   99.83   99.70   99.81   99.81   99.81   99.82   99.83   99.83   99.81   99.84   99.84   99.84   99.84   99.84   99.85   99.84   99.83   99.84   99.84   99.84   99.84   99.84   99.85   99.83   99.81   99.84   99.82   99.86   99.84   99.84   99.85
    36: hCoV-19/England/ALDP-C26123/2020|EPI_ISL_782792|2020-12-05    95.16   96.13   97.91   97.95   98.25   97.98   97.05   97.53   98.16   98.17   98.80   99.10   98.85   98.85   98.85   98.85   98.85   98.87   98.02   97.28   97.15   96.97   99.01   98.83   97.83   98.91   96.88   97.16   97.87   98.89   98.95   99.57   99.57   99.74   99.95  100.00   99.97   99.97   99.97   99.98   99.96   99.96   99.97   99.98   99.97   99.97   99.98   99.98   99.98   99.98   99.98   99.98   98.08   99.17   98.87   98.87   98.87   99.06   98.84   98.86   98.88   99.33   99.35   99.48   99.39   99.63   99.85   99.84   99.84   99.85   99.71   99.82   99.82   99.83   99.83   99.85   99.84   99.82   99.85   99.85   99.85   99.85   99.86   99.86   99.86   99.85   99.85   99.85   99.85   99.85   99.85   99.86   99.84   99.83   99.86   99.83   99.88   99.85   99.85   99.86
    37: hCoV-19/England/NORW-FA607/2020|EPI_ISL_725518|2020-12-05     95.17   96.13   97.92   97.96   98.15   97.98   97.05   97.54   98.16   98.17   98.71   99.04   98.83   98.85   98.85   98.85   98.86   98.77   98.04   97.30   97.15   96.97   99.01   98.84   97.84   98.94   96.89   97.16   97.88   98.89   98.95   99.57   99.59   99.68   99.96   99.97  100.00   99.91   99.92   99.97   99.97   99.88   99.98   99.97   99.98   99.89   99.98   99.90   99.90   99.89   99.91   99.98   98.08   99.18   98.87   98.87   98.87   98.98   98.85   98.87   98.88   99.33   99.27   99.48   99.39   99.63   99.85   99.84   99.84   99.85   99.72   99.82   99.82   99.83   99.83   99.74   99.85   99.82   99.75   99.85   99.85   99.86   99.86   99.86   99.86   99.85   99.86   99.86   99.86   99.86   99.86   99.86   99.84   99.83   99.86   99.83   99.87   99.85   99.85   99.87
    38: hCoV-19/England/LOND-1288153/2020|EPI_ISL_843060|2020-12-05   95.17   96.14   97.92   97.96   98.21   97.99   96.99   97.48   98.16   98.18   98.77   99.11   98.77   98.86   98.85   98.86   98.86   98.84   97.97   97.23   97.16   96.98   99.02   98.84   97.84   98.85   96.89   97.17   97.88   98.89   98.95   99.57   99.50   99.75   99.96   99.97   99.91  100.00   99.98   99.97   99.98   99.97   99.91   99.98   99.98   99.98   99.98   99.97   99.97   99.96   99.98   99.99   98.08   99.18   98.88   98.88   98.88   99.05   98.85   98.87   98.88   99.34   99.34   99.48   99.39   99.63   99.86   99.84   99.84   99.85   99.65   99.83   99.83   99.83   99.83   99.81   99.85   99.83   99.82   99.86   99.86   99.86   99.86   99.87   99.86   99.85   99.86   99.86   99.86   99.86   99.86   99.86   99.78   99.83   99.86   99.84   99.88   99.86   99.86   99.87
    39: hCoV-19/England/LOND-1288108/2020|EPI_ISL_843055|2020-12-05   95.17   96.13   97.92   97.96   98.20   97.99   97.01   97.49   98.16   98.18   98.76   99.09   98.79   98.86   98.85   98.86   98.86   98.82   97.98   97.25   97.16   96.98   99.02   98.84   97.84   98.87   96.89   97.17   97.88   98.89   98.95   99.57   99.52   99.73   99.96   99.97   99.92   99.98  100.00   99.97   99.98   99.95   99.93   99.98   99.98   99.96   99.98   99.96   99.95   99.95   99.96   99.99   98.08   99.18   98.88   98.88   98.88   99.04   98.85   98.87   98.88   99.34   99.32   99.48   99.39   99.63   99.86   99.84   99.84   99.85   99.66   99.83   99.83   99.83   99.83   99.79   99.85   99.83   99.81   99.86   99.86   99.86   99.86   99.87   99.86   99.85   99.86   99.86   99.86   99.86   99.86   99.86   99.80   99.83   99.86   99.84   99.88   99.86   99.86   99.87
    40: hCoV-19/England/ALDP-C0698B/2020|EPI_ISL_709566|2020-12-05    95.17   96.13   97.91   97.95   98.25   97.98   97.05   97.54   98.16   98.17   98.81   99.11   98.85   98.85   98.85   98.85   98.86   98.88   98.02   97.28   97.15   96.98   99.01   98.84   97.84   98.91   96.89   97.16   97.88   98.89   98.95   99.58   99.56   99.75   99.95   99.98   99.97   99.97   99.97  100.00   99.97   99.96   99.97   99.99   99.97   99.97   99.98   99.98   99.98   99.98   99.98   99.98   98.08   99.18   98.87   98.87   98.87   99.06   98.85   98.87   98.88   99.33   99.35   99.48   99.39   99.63   99.85   99.84   99.84   99.85   99.71   99.82   99.82   99.83   99.83   99.85   99.85   99.82   99.85   99.85   99.85   99.86   99.86   99.86   99.86   99.85   99.86   99.86   99.86   99.86   99.86   99.86   99.84   99.83   99.86   99.83   99.87   99.85   99.85   99.87
    41: hCoV-19/England/LOND-1287F96/2020|EPI_ISL_843034|2020-12-05   95.17   96.13   97.92   97.96   98.25   97.98   97.05   97.53   98.16   98.17   98.81   99.11   98.83   98.85   98.85   98.85   98.86   98.88   98.03   97.29   97.16   96.97   99.01   98.84   97.84   98.92   96.89   97.16   97.88   98.89   98.95   99.57   99.57   99.75   99.96   99.96   99.97   99.98   99.98   99.97  100.00   99.97   99.98   99.97   99.98   99.98   99.98   99.98   99.99   99.98   99.98   99.98   98.08   99.18   98.87   98.87   98.87   99.05   98.85   98.87   98.88   99.33   99.35   99.48   99.39   99.63   99.85   99.84   99.84   99.85   99.71   99.82   99.82   99.83   99.83   99.85   99.85   99.82   99.85   99.85   99.85   99.86   99.86   99.86   99.86   99.85   99.86   99.86   99.86   99.86   99.86   99.86   99.84   99.83   99.86   99.83   99.87   99.85   99.85   99.87
    42: hCoV-19/England/205041313/2020|EPI_ISL_766126|2020-12-05      95.16   96.13   97.91   97.95   98.22   97.98   96.97   97.45   98.16   98.17   98.78   99.10   98.75   98.85   98.85   98.85   98.85   98.85   97.94   97.20   97.15   96.97   99.01   98.83   97.83   98.83   96.88   97.16   97.87   98.89   98.95   99.57   99.48   99.74   99.96   99.96   99.88   99.97   99.95   99.96   99.97  100.00   99.89   99.97   99.97   99.99   99.98   99.98   99.98   99.97   99.98   99.98   98.08   99.17   98.87   98.87   98.87   99.05   98.84   98.86   98.88   99.33   99.35   99.48   99.39   99.63   99.85   99.84   99.84   99.85   99.62   99.82   99.82   99.83   99.83   99.82   99.84   99.82   99.83   99.85   99.85   99.85   99.86   99.86   99.86   99.85   99.85   99.85   99.85   99.85   99.85   99.86   99.76   99.83   99.86   99.83   99.87   99.85   99.85   99.86
    43: hCoV-19/England/NORW-F3AE4/2020|EPI_ISL_725157|2020-12-05     95.17   96.14   97.92   97.96   98.16   97.99   97.06   97.54   98.17   98.18   98.72   99.04   98.84   98.86   98.86   98.86   98.86   98.78   98.04   97.31   97.16   96.98   99.02   98.84   97.84   98.93   96.89   97.17   97.88   98.90   98.96   99.58   99.58   99.69   99.97   99.97   99.98   99.91   99.93   99.97   99.98   99.89  100.00   99.98   99.98   99.90   99.99   99.91   99.91   99.89   99.91   99.99   98.09   99.18   98.88   98.88   98.88   98.99   98.85   98.87   98.89   99.34   99.28   99.49   99.40   99.64   99.86   99.85   99.85   99.86   99.72   99.83   99.83   99.84   99.84   99.75   99.85   99.83   99.75   99.86   99.86   99.86   99.87   99.87   99.87   99.86   99.86   99.86   99.86   99.86   99.86   99.87   99.84   99.84   99.87   99.84   99.88   99.86   99.86   99.87
    44: hCoV-19/England/ALDP-C0637E/2020|EPI_ISL_709564|2020-12-05    95.17   96.14   97.92   97.96   98.26   97.99   97.06   97.54   98.17   98.18   98.81   99.11   98.86   98.86   98.86   98.86   98.86   98.88   98.03   97.29   97.16   96.98   99.02   98.84   97.84   98.92   96.89   97.17   97.88   98.90   98.96   99.58   99.57   99.75   99.96   99.98   99.97   99.98   99.98   99.99   99.97   99.97   99.98  100.00   99.98   99.98   99.99   99.99   99.99   99.99   99.99   99.99   98.09   99.18   98.88   98.88   98.88   99.07   98.85   98.87   98.89   99.34   99.36   99.49   99.40   99.64   99.86   99.85   99.85   99.86   99.72   99.83   99.83   99.84   99.84   99.86   99.85   99.83   99.86   99.86   99.86   99.86   99.87   99.87   99.87   99.86   99.86   99.87   99.87   99.86   99.86   99.87   99.85   99.84   99.87   99.84   99.88   99.86   99.86   99.87
    45: hCoV-19/England/ALDP-C069E5/2020|EPI_ISL_709538|2020-12-05    95.17   96.13   97.92   97.96   98.25   97.99   97.06   97.54   98.16   98.18   98.82   99.11   98.86   98.86   98.85   98.86   98.86   98.88   98.03   97.29   97.16   96.98   99.02   98.84   97.84   98.92   96.89   97.17   97.88   98.89   98.95   99.57   99.57   99.75   99.97   99.97   99.98   99.98   99.98   99.97   99.98   99.97   99.98   99.98  100.00   99.98   99.98   99.98   99.99   99.99   99.99   99.99   98.08   99.18   98.88   98.88   98.88   99.06   98.85   98.87   98.88   99.34   99.35   99.48   99.39   99.63   99.86   99.84   99.84   99.85   99.72   99.83   99.83   99.83   99.83   99.85   99.85   99.83   99.86   99.86   99.86   99.86   99.86   99.87   99.86   99.85   99.86   99.86   99.86   99.86   99.86   99.86   99.85   99.83   99.86   99.84   99.88   99.86   99.86   99.87
    46: hCoV-19/England/204991129/2020|EPI_ISL_754265|2020-12-05      95.17   96.13   97.92   97.96   98.25   97.99   96.98   97.46   98.16   98.18   98.82   99.11   98.76   98.86   98.85   98.86   98.86   98.88   97.95   97.21   97.16   96.98   99.02   98.84   97.84   98.84   96.89   97.17   97.88   98.89   98.95   99.57   99.49   99.75   99.96   99.97   99.89   99.98   99.96   99.97   99.98   99.99   99.90   99.98   99.98  100.00   99.98   99.98   99.99   99.99   99.99   99.99   98.08   99.18   98.88   98.88   98.88   99.06   98.85   98.87   98.88   99.34   99.36   99.48   99.39   99.63   99.86   99.84   99.84   99.85   99.63   99.83   99.83   99.83   99.83   99.85   99.85   99.83   99.86   99.86   99.86   99.86   99.86   99.87   99.86   99.85   99.86   99.86   99.86   99.86   99.86   99.86   99.76   99.83   99.86   99.84   99.88   99.86   99.86   99.87
