     1: hCoV-19/England/LOND-1263D5A/2020|EPI_ISL_679485|2020-11-10  100.00   96.91   97.27   94.87   93.83   94.74   94.75   94.79   96.34   96.77   95.71   96.71   96.71   96.73   97.34   97.72   97.71   97.71   91.49   95.15   94.79   94.80   92.33   92.41   94.10   93.97   93.49   95.67   93.66   94.57   95.60   94.71   94.71   94.83   94.81   94.76   94.09   96.72   96.73   95.00   95.33   95.71   95.71   95.71   95.71   95.72   95.72   95.72   95.72   95.73   95.73   95.73   96.00   95.68   95.68   95.69   95.56   95.71   95.72   95.71   95.73   95.74   95.72   95.73   95.72   95.71   95.72   95.73   95.72   95.74   95.74   95.72   95.74   95.73   95.73   95.72   95.73   95.73   95.74   95.73   95.73   95.73   95.72   95.72   95.73   95.74   95.72   95.72   95.72   95.73   95.75   95.75   95.74   95.76   95.75   95.75   95.77   95.78   95.79   95.79
     2: hCoV-19/England/204621528/2020|EPI_ISL_700610|2020-11-10      96.91  100.00   98.75   95.62   94.78   95.67   95.66   95.69   97.91   97.81   96.55   97.35   97.35   97.37   98.29   98.37   98.35   98.35   92.44   94.48   95.63   95.61   93.24   93.56   95.89   95.15   94.77   96.50   94.61   94.63   96.44   95.66   95.66   95.76   95.74   95.67   95.38   97.46   97.41   96.28   96.22   96.63   96.63   96.63   96.63   96.64   96.64   96.64   96.64   96.65   96.65   96.65   96.90   96.64   96.64   96.64   96.43   96.66   96.67   96.65   96.59   96.59   96.67   96.67   96.66   96.66   96.58   96.68   96.68   96.64   96.68   96.58   96.59   96.69   96.59   96.68   96.60   96.60   96.60   96.60   96.65   96.60   96.66   96.66   96.67   96.68   96.65   96.66   96.67   96.64   96.66   96.66   96.66   96.67   96.66   96.65   96.66   96.67   96.69   96.68
     3: hCoV-19/England/204621524/2020|EPI_ISL_700615|2020-11-10      97.27   98.75  100.00   96.13   95.28   96.19   96.20   96.22   98.35   98.25   96.81   97.62   97.62   97.63   98.71   98.64   98.63   98.63   92.91   94.71   95.89   95.89   93.75   93.74   96.54   95.05   95.00   96.76   95.10   95.81   96.70   96.18   96.17   96.29   96.27   96.22   95.55   98.00   98.01   96.46   96.76   97.19   97.19   97.19   97.19   97.20   97.20   97.20   97.20   97.20   97.21   97.21   97.44   97.15   97.16   97.16   96.98   97.18   97.19   97.17   97.20   97.20   97.19   97.20   97.20   97.18   97.19   97.19   97.19   97.20   97.21   97.14   97.15   97.21   97.20   97.19   97.20   97.21   97.21   97.21   97.21   97.21   97.18   97.18   97.21   97.21   97.18   97.19   97.19   97.20   97.20   97.21   97.21   97.26   97.21   97.20   97.21   97.22   97.23   97.23
     4: hCoV-19/England/EXET-13ACEA/2020|EPI_ISL_664285|2020-11-10    94.87   95.62   96.13  100.00   97.22   98.06   98.05   98.07   95.68   95.68   97.10   98.09   98.09   98.11   96.15   97.14   97.10   97.10   92.82   94.84   94.16   94.13   93.63   93.57   95.31   93.31   94.84   95.00   94.99   94.93   95.33   96.03   96.03   96.15   96.13   96.07   95.49   98.10   98.10   96.39   96.61   97.03   97.03   97.02   97.03   97.04   97.04   97.03   97.04   97.04   97.05   97.04   97.28   97.01   97.02   97.02   96.96   97.05   97.05   97.04   97.11   97.12   97.10   97.11   97.11   97.10   97.10   97.11   97.11   97.12   97.12   97.12   97.14   97.13   97.12   97.12   97.13   97.13   97.14   97.13   97.13   97.13   97.05   97.04   97.06   97.07   97.08   97.06   97.06   97.04   97.04   97.05   97.05   97.06   97.05   97.04   97.05   97.06   97.08   97.07
     5: hCoV-19/England/LIVE-DB9889/2020|EPI_ISL_664436|2020-11-10    93.83   94.78   95.28   97.22  100.00   98.99   98.98   99.01   94.64   94.63   98.03   97.05   97.05   97.06   95.11   96.08   96.06   96.06   93.76   93.79   95.08   95.06   94.56   94.51   94.37   96.03   95.79   95.94   95.93   95.87   96.26   96.97   96.96   97.09   97.07   97.00   98.25   97.05   97.06   97.33   97.55   97.96   97.96   97.96   97.96   97.97   97.97   97.97   97.97   97.98   97.98   97.98   97.80   97.95   97.96   97.96   97.89   97.98   97.99   97.98   98.04   98.05   98.03   98.04   98.04   98.03   98.03   98.04   98.05   98.05   98.05   98.06   98.07   98.07   98.06   98.06   98.06   98.07   98.07   98.07   98.07   98.07   97.99   97.98   98.00   98.01   98.02   97.99   97.99   97.97   97.98   97.98   97.99   98.00   97.98   97.98   97.99   98.00   98.01   98.01
     6: hCoV-19/England/CAMB-1BA198/2020|EPI_ISL_664528|2020-11-10    94.74   95.67   96.19   98.06   98.99  100.00   99.88   99.91   95.54   95.50   98.90   97.91   97.91   97.93   95.97   96.93   96.92   96.92   94.73   94.70   95.97   95.96   95.46   95.42   95.22   95.16   96.74   96.84   96.91   96.70   97.13   97.87   97.88   97.98   97.96   97.90   97.26   97.91   97.92   98.17   98.45   98.88   98.86   98.87   98.86   98.87   98.87   98.87   98.87   98.88   98.88   98.88   98.70   98.85   98.86   98.86   98.74   98.96   98.97   98.95   98.90   98.91   98.89   98.90   98.89   98.88   98.89   98.90   98.89   98.91   98.91   98.89   98.91   98.90   98.89   98.89   98.90   98.90   98.91   98.90   98.90   98.90   98.92   98.88   98.90   98.91   98.92   98.88   98.89   98.89   98.88   98.88   98.89   98.90   98.89   98.89   98.89   98.91   98.91   98.91
     7: hCoV-19/England/ALDP-B5D90E/2020|EPI_ISL_704389|2020-11-10    94.75   95.66   96.20   98.05   98.98   99.88  100.00   99.94   95.54   95.48   98.89   97.90   97.90   97.91   95.96   96.91   96.90   96.90   94.66   94.72   95.96   95.96   95.50   95.43   95.22   95.14   96.70   96.84   96.82   96.70   97.11   97.88   97.87   98.00   97.98   97.92   97.26   97.90   97.91   98.15   98.48   98.88   98.88   98.88   98.88   98.89   98.89   98.89   98.89   98.89   98.90   98.90   98.73   98.85   98.85   98.86   98.73   98.88   98.89   98.87   98.90   98.90   98.89   98.89   98.89   98.88   98.88   98.89   98.89   98.90   98.90   98.89   98.90   98.90   98.89   98.89   98.89   98.90   98.90   98.90   98.90   98.90   98.89   98.88   98.90   98.91   98.93   98.88   98.89   98.89   98.91   98.92   98.91   98.92   98.92   98.91   98.92   98.93   98.94   98.94
     8: hCoV-19/England/ALDP-B5D93B/2020|EPI_ISL_704446|2020-11-10    94.79   95.69   96.22   98.07   99.01   99.91   99.94  100.00   95.56   95.50   98.92   97.92   97.92   97.93   95.98   96.93   96.93   96.93   94.67   94.76   95.98   95.98   95.54   95.45   95.23   95.17   96.72   96.86   96.85   96.72   97.13   97.89   97.89   98.02   98.00   97.94   97.28   97.92   97.93   98.18   98.52   98.90   98.90   98.92   98.92   98.93   98.93   98.93   98.92   98.92   98.93   98.92   98.77   98.87   98.88   98.88   98.75   98.91   98.91   98.90   98.92   98.93   98.91   98.92   98.91   98.90   98.91   98.92   98.91   98.93   98.93   98.91   98.93   98.92   98.91   98.91   98.92   98.92   98.93   98.92   98.92   98.92   98.91   98.91   98.93   98.93   98.95   98.90   98.91   98.93   98.94   98.95   98.93   98.94   98.95   98.94   98.97   98.98   98.99   98.98
     9: hCoV-19/England/LIVE-DC4645/2020|EPI_ISL_702900|2020-11-10    96.34   97.91   98.35   95.68   94.64   95.54   95.54   95.56  100.00   98.47   96.52   97.52   97.52   97.53   98.85   98.53   98.52   98.52   92.29   94.32   95.60   95.59   93.12   93.20   95.98   94.83   94.31   96.48   94.48   94.35   96.41   95.52   95.52   95.63   95.61   95.55   94.90   97.53   97.53   95.81   96.10   96.51   96.51   96.51   96.51   96.52   96.52   96.52   96.52   96.53   96.53   96.53   96.77   96.51   96.51   96.52   96.38   96.52   96.53   96.52   96.54   96.55   96.53   96.54   96.54   96.53   96.53   96.54   96.53   96.55   96.55   96.54   96.55   96.54   96.54   96.54   96.54   96.55   96.55   96.55   96.55   96.55   96.52   96.53   96.55   96.56   96.60   96.54   96.54   96.52   96.53   96.53   96.54   96.55   96.53   96.53   96.54   96.54   96.56   96.56
    10: hCoV-19/England/LOND-DA46D/2020|EPI_ISL_724630|2020-11-10     96.77   97.81   98.25   95.68   94.63   95.50   95.48   95.50   98.47  100.00   96.52   97.52   97.52   97.54   98.88   98.53   98.52   98.52   92.25   94.75   95.57   95.55   93.06   93.15   95.93   94.73   94.26   96.42   94.42   94.34   96.42   95.47   95.47   95.58   95.56   95.49   94.90   97.53   97.42   95.80   96.04   96.46   96.46   96.45   96.46   96.47   96.47   96.46   96.47   96.47   96.48   96.47   96.66   96.39   96.45   96.46   96.38   96.48   96.48   96.47   96.42   96.43   96.47   96.51   96.46   96.52   96.42   96.53   96.48   96.49   96.48   96.54   96.55   96.54   96.43   96.53   96.43   96.42   96.44   96.44   96.45   96.44   96.48   96.47   96.49   96.50   96.47   96.44   96.49   96.46   96.47   96.48   96.48   96.49   96.48   96.47   96.48   96.49   96.50   96.50
    11: hCoV-19/England/PORT-2E93D5/2020|EPI_ISL_727698|2020-11-10    95.71   96.55   96.81   97.10   98.03   98.90   98.89   98.92   96.52   96.52  100.00   98.95   98.95   98.97   97.00   97.96   97.95   97.95   93.64   93.67   96.96   96.95   94.45   94.54   94.42   96.14   95.70   97.84   95.83   95.75   98.16   96.88   96.87   96.98   96.96   96.90   96.30   96.95   96.96   97.20   97.45   97.87   97.87   97.87   97.87   97.88   97.88   97.88   97.88   97.88   97.89   97.89   97.70   97.85   97.86   97.86   97.78   97.90   97.90   97.89   97.98   97.98   97.94   97.95   97.94   97.93   97.94   97.95   97.94   97.96   97.96   97.94   97.96   97.95   97.95   97.94   97.95   97.96   97.96   97.95   97.95   97.95   97.90   97.88   97.90   97.91   97.92   97.90   97.90   97.88   97.89   97.89   97.90   97.91   97.89   97.88   97.90   97.90   97.92   97.91
    12: hCoV-19/England/EXET-13AF1E/2020|EPI_ISL_664273|2020-11-10    96.71   97.35   97.62   98.09   97.05   97.91   97.90   97.92   97.52   97.52   98.95  100.00   99.99   99.96   98.00   98.95   98.99   98.99   92.68   94.69   95.99   95.97   93.48   93.57   95.34   95.16   94.69   96.85   94.84   94.77   97.17   95.90   95.89   96.00   95.98   95.92   95.32   98.00   97.96   96.23   96.47   96.88   96.88   96.88   96.88   96.89   96.89   96.89   96.89   96.89   96.90   96.90   97.14   96.87   96.87   96.88   96.80   96.90   96.91   96.90   96.96   96.97   96.96   96.96   96.96   96.94   96.95   96.96   96.95   96.97   96.97   96.95   96.97   96.96   96.96   96.95   96.96   96.96   96.97   96.96   96.96   96.96   96.90   96.89   96.91   96.92   96.93   96.91   96.91   96.89   96.89   96.90   96.91   96.92   96.90   96.89   96.91   96.91   96.93   96.92
    13: hCoV-19/England/EXET-13B083/2020|EPI_ISL_664274|2020-11-10    96.71   97.35   97.62   98.09   97.05   97.91   97.90   97.92   97.52   97.52   98.95   99.99  100.00   99.96   98.00   98.95   98.99   98.99   92.68   94.69   95.99   95.97   93.48   93.57   95.34   95.16   94.69   96.85   94.84   94.77   97.17   95.90   95.89   96.00   95.98   95.92   95.32   98.00   97.96   96.23   96.47   96.88   96.88   96.88   96.88   96.89   96.89   96.89   96.89   96.89   96.90   96.90   97.14   96.87   96.87   96.88   96.80   96.90   96.91   96.90   96.96   96.97   96.96   96.96   96.96   96.94   96.95   96.96   96.95   96.97   96.97   96.96   96.97   96.96   96.96   96.95   96.96   96.96   96.97   96.96   96.96   96.96   96.90   96.89   96.91   96.92   96.93   96.91   96.91   96.89   96.89   96.90   96.91   96.92   96.90   96.89   96.91   96.91   96.93   96.92
    14: hCoV-19/England/NORT-1B872C1/2020|EPI_ISL_724972|2020-11-10   96.73   97.37   97.63   98.11   97.06   97.93   97.91   97.93   97.53   97.54   98.97   99.96   99.96  100.00   98.01   98.97   98.97   98.97   92.69   94.70   96.00   95.98   93.49   93.59   95.35   95.17   94.70   96.86   94.86   94.78   97.18   95.90   95.90   96.01   95.99   95.93   95.34   97.97   97.97   96.24   96.48   96.89   96.89   96.89   96.89   96.90   96.90   96.90   96.90   96.91   96.91   96.91   97.15   96.88   96.89   96.89   96.81   96.92   96.92   96.91   96.97   96.98   96.97   96.98   96.97   96.96   96.96   96.97   96.96   96.98   96.98   96.97   96.98   96.98   96.97   96.97   96.97   96.98   96.98   96.98   96.98   96.98   96.92   96.91   96.93   96.93   96.95   96.92   96.92   96.90   96.91   96.91   96.92   96.93   96.91   96.91   96.92   96.92   96.94   96.94
    15: hCoV-19/England/LOND-DB156/2020|EPI_ISL_724739|2020-11-10     97.34   98.29   98.71   96.15   95.11   95.97   95.96   95.98   98.85   98.88   97.00   98.00   98.00   98.01  100.00   99.00   98.99   98.99   92.72   95.20   96.04   96.02   93.53   93.62   96.47   95.21   94.75   96.90   94.90   94.82   96.88   95.94   95.94   96.05   96.03   95.97   95.37   98.00   98.05   96.27   96.51   96.93   96.93   96.93   96.93   96.94   96.94   96.94   96.94   96.94   96.95   96.95   97.19   96.92   96.93   96.93   96.74   96.95   96.96   96.94   97.00   97.01   97.00   97.01   97.00   96.99   97.00   97.00   97.00   96.96   97.02   96.89   96.91   97.01   97.01   97.00   97.01   97.00   97.02   97.01   97.01   97.01   96.95   96.94   96.96   96.97   96.94   96.98   96.96   96.94   96.94   96.95   96.96   96.97   96.95   96.94   96.95   96.96   96.98   96.97
    16: hCoV-19/England/EXET-13ACF9/2020|EPI_ISL_664411|2020-11-10    97.72   98.37   98.64   97.14   96.08   96.93   96.91   96.93   98.53   98.53   97.96   98.95   98.95   98.97   99.00  100.00   99.95   99.95   93.68   95.70   97.00   96.98   94.49   94.58   96.35   96.17   95.72   97.85   95.86   95.79   97.85   96.90   96.89   97.01   96.99   96.92   96.35   98.96   98.96   97.25   97.47   97.89   97.89   97.88   97.89   97.90   97.90   97.89   97.90   97.90   97.91   97.90   98.14   97.87   97.88   97.88   97.82   97.91   97.91   97.90   97.97   97.97   97.96   97.97   97.97   97.96   97.96   97.97   97.97   97.98   97.98   97.98   98.00   97.99   97.99   97.98   97.99   97.99   98.00   97.99   97.99   97.99   97.91   97.90   97.92   97.93   97.90   97.92   97.91   97.89   97.90   97.91   97.91   97.92   97.91   97.90   97.91   97.92   97.93   97.93
    17: hCoV-19/England/EXET-13AE20/2020|EPI_ISL_664413|2020-11-10    97.71   98.35   98.63   97.10   96.06   96.92   96.90   96.93   98.52   98.52   97.95   98.99   98.99   98.97   98.99   99.95  100.00   99.99   93.67   95.69   96.99   96.97   94.48   94.58   96.33   96.16   95.70   97.85   95.84   95.77   97.84   96.90   96.89   97.00   96.98   96.92   96.32   99.00   98.95   97.23   97.47   97.88   97.88   97.88   97.88   97.89   97.89   97.89   97.89   97.89   97.90   97.90   98.14   97.87   97.87   97.88   97.80   97.90   97.91   97.89   97.96   97.97   97.96   97.97   97.96   97.95   97.95   97.96   97.95   97.97   97.97   97.96   97.97   97.97   97.96   97.96   97.96   97.97   97.97   97.97   97.97   97.97   97.90   97.89   97.91   97.92   97.89   97.91   97.91   97.89   97.89   97.90   97.91   97.92   97.90   97.89   97.90   97.91   97.93   97.92
    18: hCoV-19/England/EXET-13B065/2020|EPI_ISL_664419|2020-11-10    97.71   98.35   98.63   97.10   96.06   96.92   96.90   96.93   98.52   98.52   97.95   98.99   98.99   98.97   98.99   99.95   99.99  100.00   93.67   95.69   96.99   96.97   94.48   94.58   96.33   96.16   95.70   97.85   95.84   95.77   97.84   96.90   96.89   97.00   96.98   96.92   96.32   99.00   98.95   97.23   97.47   97.88   97.88   97.88   97.88   97.89   97.89   97.89   97.89   97.89   97.90   97.90   98.14   97.87   97.87   97.88   97.80   97.90   97.91   97.89   97.96   97.97   97.96   97.97   97.96   97.95   97.95   97.96   97.95   97.97   97.97   97.96   97.97   97.97   97.96   97.96   97.96   97.97   97.97   97.97   97.97   97.97   97.90   97.89   97.91   97.92   97.89   97.91   97.91   97.89   97.89   97.90   97.91   97.92   97.90   97.89   97.90   97.91   97.93   97.92
    19: hCoV-19/England/QEUH-B6A28B/2020|EPI_ISL_655046|2020-11-10    91.49   92.44   92.91   92.82   93.76   94.73   94.66   94.67   92.29   92.25   93.64   92.68   92.68   92.69   92.72   93.68   93.67   93.67  100.00   91.45   92.72   92.72   93.14   93.81   91.97   91.91   96.20   93.60   95.98   95.10   95.28   94.63   94.62   96.36   96.46   94.66   94.02   94.67   94.67   94.92   96.12   95.63   95.63   95.62   95.63   95.64   95.64   95.63   95.64   95.64   95.65   95.64   95.46   95.62   95.62   95.63   95.51   95.72   95.76   95.71   95.66   95.66   95.65   95.65   95.66   95.64   95.65   95.65   95.65   95.66   95.66   95.66   95.67   95.66   95.65   95.65   95.66   95.66   95.67   95.66   95.66   95.66   95.69   95.64   95.66   95.67   95.64   95.64   95.65   95.63   95.64   95.64   95.65   95.66   95.65   95.64   95.65   95.66   95.67   95.67
    20: hCoV-19/England/NORW-F28BE/2020|EPI_ISL_650188|2020-11-10     95.15   94.48   94.71   94.84   93.79   94.70   94.72   94.76   94.32   94.75   93.67   94.69   94.69   94.70   95.20   95.70   95.69   95.69   91.45  100.00   92.76   92.77   93.87   95.48   93.79   93.40   95.05   93.64   93.63   93.50   93.58   94.67   94.67   94.80   94.78   94.72   95.52   96.69   96.58   96.42   95.29   95.68   95.68   95.68   95.68   95.69   95.69   95.69   95.69   95.69   95.70   95.70   95.91   95.59   95.65   95.66   95.84   95.68   95.68   95.67   95.58   95.60   95.64   95.68   95.62   95.68   95.58   95.69   95.63   95.65   95.64   95.69   95.71   95.70   95.59   95.69   95.59   95.58   95.60   95.60   95.61   95.60   95.69   95.68   95.70   95.71   95.69   95.64   95.69   95.69   95.71   95.72   95.70   95.71   95.72   95.71   95.73   95.75   95.76   95.75
    21: hCoV-19/England/NORT-1B616EF/2020|EPI_ISL_637383|2020-11-10   94.79   95.63   95.89   94.16   95.08   95.97   95.96   95.98   95.60   95.57   96.96   95.99   95.99   96.00   96.04   97.00   96.99   96.99   92.72   92.76  100.00   97.99   93.53   93.63   93.48   95.21   94.74   96.90   94.89   94.79   96.86   95.94   95.94   96.05   96.03   95.98   95.34   95.99   96.00   96.25   96.52   96.94   96.94   96.93   96.94   96.95   96.95   96.94   96.95   96.95   96.96   96.95   96.77   96.92   96.92   96.93   96.81   96.95   96.96   96.94   96.98   96.98   96.97   96.97   96.97   96.96   96.96   96.97   96.96   96.98   96.98   96.98   96.99   96.99   96.98   96.98   96.98   96.99   96.99   96.99   96.99   96.99   96.95   96.94   96.96   96.97   96.94   96.95   96.96   96.94   96.95   96.96   96.96   96.97   96.95   96.95   96.96   96.96   96.98   96.98
    22: hCoV-19/England/NORT-1B616B2/2020|EPI_ISL_637382|2020-11-10   94.80   95.61   95.89   94.13   95.06   95.96   95.96   95.98   95.59   95.55   96.95   95.97   95.97   95.98   96.02   96.98   96.97   96.97   92.72   92.77   97.99  100.00   93.54   93.63   93.46   95.21   94.74   96.90   94.89   94.78   96.84   95.94   95.94   96.05   96.03   96.02   95.32   95.97   95.98   96.23   96.52   96.97   96.97   96.97   96.97   96.98   96.98   96.98   96.98   96.99   96.99   96.99   96.77   96.91   96.92   96.92   96.80   96.94   96.95   96.94   96.97   96.97   96.95   96.96   96.96   96.95   96.95   96.96   96.95   96.97   96.97   96.96   96.97   96.97   96.96   96.96   96.96   96.97   96.97   96.97   96.97   96.97   96.94   96.94   96.96   96.97   96.95   96.94   96.95   96.99   96.95   96.96   96.96   96.97   96.96   96.95   96.96   96.97   96.98   96.98
    23: hCoV-19/England/QEUH-B6C553/2020|EPI_ISL_661582|2020-11-10    92.33   93.24   93.75   93.63   94.56   95.46   95.50   95.54   93.12   93.06   94.45   93.48   93.48   93.49   93.53   94.49   94.48   94.48   93.14   93.87   93.53   93.54  100.00   93.00   92.78   92.72   95.87   94.42   94.40   94.27   94.36   95.45   95.45   95.57   95.55   95.49   94.83   95.48   95.48   95.73   96.97   96.46   96.46   96.47   96.47   96.48   96.48   96.48   96.47   96.47   96.48   96.47   96.31   96.43   96.44   96.44   96.31   96.46   96.46   96.45   96.47   96.47   96.46   96.47   96.47   96.45   96.46   96.47   96.46   96.48   96.48   96.46   96.48   96.47   96.46   96.46   96.47   96.47   96.48   96.47   96.47   96.47   96.46   96.46   96.48   96.48   96.47   96.45   96.46   96.48   96.49   96.50   96.48   96.49   96.55   96.55   96.50   96.52   96.52   96.52
    24: hCoV-19/England/BIRM-6A80C/2020|EPI_ISL_679088|2020-11-10     92.41   93.56   93.74   93.57   94.51   95.42   95.43   95.45   93.20   93.15   94.54   93.57   93.57   93.59   93.62   94.58   94.58   94.58   93.81   95.48   93.63   93.63   93.00  100.00   92.72   94.29   94.18   94.51   94.34   95.86   94.46   95.39   95.41   95.51   95.49   95.44   96.24   95.43   95.43   97.15   95.99   96.42   96.40   96.41   96.40   96.41   96.41   96.41   96.41   96.42   96.42   96.42   96.24   96.37   96.38   96.38   96.55   96.40   96.41   96.40   96.42   96.42   96.41   96.42   96.41   96.40   96.40   96.41   96.41   96.42   96.42   96.41   96.42   96.42   96.41   96.41   96.41   96.42   96.42   96.42   96.42   96.42   96.41   96.40   96.42   96.43   96.40   96.40   96.41   96.43   96.42   96.43   96.43   96.44   96.43   96.43   96.43   96.45   96.45   96.45
    25: hCoV-19/England/C200045799/2020|EPI_ISL_664081|2020-11-10     94.10   95.89   96.54   95.31   94.37   95.22   95.22   95.23   95.98   95.93   94.42   95.34   95.34   95.35   96.47   96.35   96.33   96.33   91.97   93.79   93.48   93.46   92.78   92.72  100.00   92.65   93.99   94.34   94.14   94.07   94.34   95.19   95.18   95.30   95.28   95.22   94.63   97.15   97.15   95.54   95.77   96.18   96.18   96.18   96.18   96.19   96.19   96.19   96.19   96.19   96.20   96.20   96.44   96.17   96.18   96.18   96.00   96.20   96.20   96.19   96.27   96.26   96.25   96.26   96.27   96.25   96.25   96.26   96.27   96.21   96.27   96.16   96.17   96.27   96.27   96.26   96.27   96.28   96.28   96.28   96.28   96.28   96.20   96.20   96.22   96.22   96.20   96.22   96.22   96.19   96.20   96.20   96.21   96.22   96.20   96.20   96.20   96.21   96.23   96.23
    26: hCoV-19/England/LIVE-DC3AB3/2020|EPI_ISL_702828|2020-11-10    93.97   95.15   95.05   93.31   96.03   95.16   95.14   95.17   94.83   94.73   96.14   95.16   95.16   95.17   95.21   96.17   96.16   96.16   91.91   93.40   95.21   95.21   92.72   94.29   92.65  100.00   93.92   96.09   94.09   93.96   96.04   95.13   95.14   95.24   95.22   95.15   97.76   95.16   95.16   96.89   95.71   96.13   96.12   96.13   96.12   96.13   96.13   96.13   96.13   96.13   96.14   96.14   95.95   96.11   96.12   96.12   95.99   96.14   96.14   96.13   96.15   96.16   96.15   96.16   96.14   96.14   96.14   96.15   96.14   96.16   96.16   96.15   96.16   96.16   96.15   96.15   96.15   96.16   96.16   96.16   96.16   96.16   96.14   96.14   96.15   96.16   96.13   96.14   96.15   96.14   96.13   96.14   96.15   96.16   96.14   96.15   96.14   96.17   96.17   96.17
    27: hCoV-19/England/CAMC-B790DA/2020|EPI_ISL_667988|2020-11-10    93.49   94.77   95.00   94.84   95.79   96.74   96.70   96.72   94.31   94.26   95.70   94.69   94.69   94.70   94.75   95.72   95.70   95.70   96.20   95.05   94.74   94.74   95.87   94.18   93.99   93.92  100.00   95.63   97.49   95.50   95.59   96.68   96.68   96.80   96.78   96.71   96.06   96.71   96.72   96.97   97.26   97.68   97.68   97.68   97.68   97.69   97.69   97.69   97.69   97.70   97.70   97.70   97.51   97.68   97.68   97.69   97.57   97.75   97.75   97.74   97.72   97.72   97.71   97.71   97.72   97.70   97.71   97.71   97.71   97.73   97.73   97.72   97.73   97.73   97.72   97.72   97.73   97.73   97.73   97.73   97.73   97.73   97.74   97.70   97.72   97.73   97.70   97.70   97.71   97.69   97.70   97.71   97.71   97.72   97.71   97.70   97.71   97.72   97.73   97.73
    28: hCoV-19/England/ALDP-B5DDE4/2020|EPI_ISL_723595|2020-11-10    95.67   96.50   96.76   95.00   95.94   96.84   96.84   96.86   96.48   96.42   97.84   96.85   96.85   96.86   96.90   97.85   97.85   97.85   93.60   93.64   96.90   96.90   94.42   94.51   94.34   96.09   95.63  100.00   95.78   95.65   97.72   96.83   96.82   96.94   96.92   96.85   96.20   96.85   96.85   97.10   97.40   97.82   97.82   97.81   97.82   97.83   97.83   97.82   97.83   97.83   97.84   97.83   97.65   97.82   97.82   97.83   97.68   97.83   97.84   97.82   97.84   97.85   97.83   97.84   97.84   97.83   97.83   97.84   97.83   97.85   97.85   97.84   97.85   97.85   97.84   97.84   97.84   97.85   97.85   97.85   97.85   97.85   97.83   97.85   97.85   97.86   97.83   97.83   97.84   97.82   97.83   97.84   97.84   97.85   97.84   97.83   97.84   97.85   97.86   97.86
    29: hCoV-19/England/QEUH-B66805/2020|EPI_ISL_655195|2020-11-10    93.66   94.61   95.10   94.99   95.93   96.91   96.82   96.85   94.48   94.42   95.83   94.84   94.84   94.86   94.90   95.86   95.84   95.84   95.98   93.63   94.89   94.89   94.40   94.34   94.14   94.09   97.49   95.78  100.00   95.64   95.72   96.80   96.80   96.92   96.90   96.83   96.19   96.84   96.84   97.09   97.39   97.80   97.80   97.79   97.80   97.81   97.81   97.80   97.81   97.81   97.82   97.81   97.63   97.78   97.79   97.79   97.67   97.89   97.93   97.89   97.83   97.83   97.82   97.83   97.83   97.81   97.82   97.83   97.82   97.84   97.84   97.83   97.84   97.84   97.83   97.83   97.83   97.83   97.84   97.84   97.84   97.84   97.86   97.81   97.83   97.84   97.82   97.81   97.83   97.80   97.81   97.82   97.82   97.83   97.82   97.81   97.83   97.83   97.85   97.84
    30: hCoV-19/England/CAMC-B78C31/2020|EPI_ISL_783400|2020-11-10    94.57   94.63   95.81   94.93   95.87   96.70   96.70   96.72   94.35   94.34   95.75   94.77   94.77   94.78   94.82   95.79   95.77   95.77   95.10   93.50   94.79   94.78   94.27   95.86   94.07   93.96   95.50   95.65   95.64  100.00   95.65   96.68   96.68   96.79   96.77   98.44   96.13   96.76   96.77   97.03   97.26   97.68   97.68   97.68   97.68   97.69   97.69   97.69   97.69   97.69   97.70   97.70   97.51   97.66   97.67   97.67   97.60   97.69   97.70   97.68   97.76   97.76   97.75   97.75   97.75   97.74   97.74   97.75   97.76   97.76   97.76   97.77   97.78   97.78   97.77   97.77   97.78   97.79   97.79   97.78   97.78   97.78   97.69   97.69   97.71   97.71   97.69   97.70   97.70   97.69   97.69   97.70   97.70   97.71   97.69   97.69   97.70   97.70   97.72   97.72
    31: hCoV-19/England/BIRM-68437/2020|EPI_ISL_813024|2020-11-10     95.60   96.44   96.70   95.33   96.26   97.13   97.11   97.13   96.41   96.42   98.16   97.17   97.17   97.18   96.88   97.85   97.84   97.84   95.28   93.58   96.86   96.84   94.36   94.46   94.34   96.04   95.59   97.72   95.72   95.65  100.00   96.76   96.77   98.63   98.72   96.79   96.20   96.85   96.84   97.11   97.34   97.78   97.78   97.77   97.77   97.77   97.77   97.76   97.77   97.77   97.78   97.77   97.59   97.74   97.75   97.75   97.69   97.78   97.78   97.77   97.83   97.84   97.82   97.83   97.87   97.82   97.82   97.83   97.83   97.84   97.84   97.84   97.85   97.84   97.84   97.83   97.84   97.85   97.85   97.84   97.84   97.84   97.77   97.77   97.79   97.79   97.77   97.78   97.78   97.78   97.77   97.77   97.78   97.79   97.77   97.78   97.78   97.80   97.80   97.80
    32: hCoV-19/England/CAMB-1BA15C/2020|EPI_ISL_664971|2020-11-10    94.71   95.66   96.18   96.03   96.97   97.87   97.88   97.89   95.52   95.47   96.88   95.90   95.90   95.90   95.94   96.90   96.90   96.90   94.63   94.67   95.94   95.94   95.45   95.39   95.19   95.13   96.68   96.83   96.80   96.68   96.76  100.00   99.98   97.98   97.96   97.88   97.23   97.89   97.88   98.13   98.43   98.85   98.85   98.84   98.85   98.86   98.86   98.85   98.86   98.86   98.87   98.86   98.68   98.83   98.83   98.84   98.71   98.86   98.86   98.85   98.88   98.88   98.87   98.87   98.87   98.86   98.87   98.87   98.86   98.88   98.88   98.87   98.88   98.88   98.87   98.87   98.87   98.88   98.88   98.88   98.88   98.88   98.86   98.86   98.89   98.90   98.86   98.86   98.87   98.86   98.86   98.87   98.88   98.88   98.87   98.86   98.87   98.88   98.90   98.89
    33: hCoV-19/England/CAMB-1BA17A/2020|EPI_ISL_664972|2020-11-10    94.71   95.66   96.17   96.03   96.96   97.88   97.87   97.89   95.52   95.47   96.87   95.89   95.89   95.90   95.94   96.89   96.89   96.89   94.62   94.67   95.94   95.94   95.45   95.41   95.18   95.14   96.68   96.82   96.80   96.68   96.77   99.98  100.00   97.97   97.95   97.88   97.23   97.88   97.88   98.14   98.43   98.86   98.84   98.85   98.84   98.85   98.85   98.85   98.85   98.86   98.86   98.86   98.68   98.82   98.83   98.83   98.71   98.85   98.86   98.85   98.87   98.88   98.86   98.87   98.86   98.86   98.86   98.87   98.86   98.88   98.88   98.87   98.88   98.88   98.87   98.87   98.87   98.87   98.88   98.88   98.88   98.88   98.86   98.86   98.89   98.89   98.86   98.86   98.87   98.87   98.86   98.86   98.87   98.88   98.87   98.87   98.87   98.89   98.89   98.89
    34: hCoV-19/England/ALDP-B5C4E0/2020|EPI_ISL_655830|2020-11-10    94.83   95.76   96.29   96.15   97.09   97.98   98.00   98.02   95.63   95.58   96.98   96.00   96.00   96.01   96.05   97.01   97.00   97.00   96.36   94.80   96.05   96.05   95.57   95.51   95.30   95.24   96.80   96.94   96.92   96.79   98.63   97.98   97.97  100.00   99.91   98.01   97.35   98.00   98.00   98.25   98.56   98.97   98.97   98.97   98.97   98.98   98.98   98.98   98.98   98.98   98.99   98.99   98.80   98.94   98.95   98.96   98.84   98.98   98.98   98.97   98.99   99.00   98.98   98.99   98.99   98.97   98.98   99.00   98.98   99.00   99.00   98.99   99.00   99.00   98.99   98.99   98.99   98.99   99.00   99.00   99.00   99.00   98.98   98.98   99.02   99.01   98.99   98.98   98.99   98.98   98.99   98.99   98.99   99.00   98.99   98.99   99.00   99.00   99.02   99.02
    35: hCoV-19/England/QEUH-B65F10/2020|EPI_ISL_655918|2020-11-10    94.81   95.74   96.27   96.13   97.07   97.96   97.98   98.00   95.61   95.56   96.96   95.98   95.98   95.99   96.03   96.99   96.98   96.98   96.46   94.78   96.03   96.03   95.55   95.49   95.28   95.22   96.78   96.92   96.90   96.77   98.72   97.96   97.95   99.91  100.00   97.99   97.33   97.98   97.98   98.23   98.54   98.95   98.95   98.95   98.95   98.96   98.96   98.96   98.96   98.96   98.97   98.97   98.78   98.92   98.93   98.93   98.82   98.96   98.96   98.95   98.97   98.98   98.96   98.97   98.97   98.95   98.96   98.98   98.96   98.98   98.98   98.97   98.98   98.98   98.97   98.97   98.97   98.97   98.98   98.98   98.98   98.98   98.96   98.96   99.00   98.99   98.97   98.96   98.97   98.96   98.97   98.97   98.97   98.98   98.97   98.97   98.98   98.98   99.00   99.00
    36: hCoV-19/England/SHEF-CA318/2020|EPI_ISL_680165|2020-11-10     94.76   95.67   96.22   96.07   97.00   97.90   97.92   97.94   95.55   95.49   96.90   95.92   95.92   95.93   95.97   96.92   96.92   96.92   94.66   94.72   95.98   96.02   95.49   95.44   95.22   95.15   96.71   96.85   96.83   98.44   96.79   97.88   97.88   98.01   97.99  100.00   97.27   97.91   97.92   98.16   98.48   98.98   98.98   98.98   98.98   98.99   98.99   98.99   98.99   99.00   99.00   99.00   98.73   98.86   98.87   98.87   98.74   98.89   98.90   98.89   98.91   98.91   98.91   98.91   98.90   98.89   98.90   98.91   98.90   98.92   98.92   98.90   98.92   98.91   98.90   98.90   98.91   98.91   98.92   98.91   98.91   98.91   98.90   98.90   98.92   98.92   98.90   98.89   98.90   99.00   98.91   98.92   98.92   98.93   98.92   98.91   98.92   98.93   98.94   98.94
    37: hCoV-19/England/LIVE-DB934C/2020|EPI_ISL_664481|2020-11-10    94.09   95.38   95.55   95.49   98.25   97.26   97.26   97.28   94.90   94.90   96.30   95.32   95.32   95.34   95.37   96.35   96.32   96.32   94.02   95.52   95.34   95.32   94.83   96.24   94.63   97.76   96.06   96.20   96.19   96.13   96.20   97.23   97.23   97.35   97.33   97.27  100.00   97.32   97.32   99.05   97.82   98.23   98.23   98.23   98.23   98.24   98.24   98.24   98.24   98.24   98.25   98.25   98.07   98.22   98.22   98.23   98.16   98.25   98.25   98.24   98.31   98.31   98.31   98.31   98.31   98.30   98.30   98.31   98.31   98.32   98.32   98.33   98.34   98.33   98.33   98.33   98.33   98.33   98.34   98.34   98.34   98.34   98.25   98.24   98.26   98.27   98.24   98.26   98.26   98.24   98.25   98.25   98.26   98.26   98.25   98.25   98.26   98.26   98.28   98.28
    38: hCoV-19/England/EXET-13AAA4/2020|EPI_ISL_665083|2020-11-10    96.72   97.46   98.00   98.10   97.05   97.91   97.90   97.92   97.53   97.53   96.95   98.00   98.00   97.97   98.00   98.96   99.00   99.00   94.67   96.69   95.99   95.97   95.48   95.43   97.15   95.16   96.71   96.85   96.84   96.76   96.85   97.89   97.88   98.00   97.98   97.91   97.32  100.00   99.95   98.22   98.47   98.88   98.88   98.87   98.88   98.89   98.89   98.88   98.89   98.89   98.90   98.89   99.13   98.86   98.87   98.87   98.79   98.90   98.90   98.89   98.96   98.96   98.96   98.96   98.96   98.94   98.95   98.96   98.95   98.97   98.97   98.95   98.97   98.96   98.95   98.95   98.96   98.96   98.97   98.96   98.96   98.96   98.90   98.89   98.91   98.92   98.89   98.91   98.91   98.89   98.89   98.90   98.90   98.91   98.90   98.89   98.90   98.91   98.93   98.92
    39: hCoV-19/England/LOND-DA667/2020|EPI_ISL_724651|2020-11-10     96.73   97.41   98.01   98.10   97.06   97.92   97.91   97.93   97.53   97.42   96.96   97.96   97.96   97.97   98.05   98.96   98.95   98.95   94.67   96.58   96.00   95.98   95.48   95.43   97.15   95.16   96.72   96.85   96.84   96.77   96.84   97.88   97.88   98.00   97.98   97.92   97.32   99.95  100.00   98.22   98.47   98.88   98.88   98.88   98.88   98.89   98.89   98.89   98.89   98.89   98.90   98.90   99.14   98.87   98.87   98.88   98.69   98.90   98.91   98.89   98.97   98.97   98.95   98.96   98.96   98.94   98.95   98.96   98.95   98.90   98.97   98.84   98.86   98.97   98.96   98.96   98.96   98.97   98.97   98.97   98.97   98.97   98.90   98.90   98.92   98.92   98.90   98.92   98.91   98.89   98.90   98.90   98.91   98.92   98.90   98.90   98.91   98.91   98.93   98.93
    40: hCoV-19/England/LIVE-DC3A59/2020|EPI_ISL_705868|2020-11-10    95.00   96.28   96.46   96.39   97.33   98.17   98.15   98.18   95.81   95.80   97.20   96.23   96.23   96.24   96.27   97.25   97.23   97.23   94.92   96.42   96.25   96.23   95.73   97.15   95.54   96.89   96.97   97.10   97.09   97.03   97.11   98.13   98.14   98.25   98.23   98.16   99.05   98.22   98.22  100.00   98.71   99.14   99.13   99.14   99.13   99.14   99.14   99.13   99.14   99.14   99.15   99.14   98.96   99.11   99.12   99.12   99.05   99.14   99.15   99.14   99.20   99.21   99.20   99.21   99.20   99.19   99.19   99.20   99.20   99.21   99.21   99.22   99.23   99.23   99.22   99.22   99.22   99.23   99.23   99.23   99.23   99.23   99.15   99.14   99.16   99.17   99.14   99.15   99.15   99.15   99.14   99.15   99.15   99.16   99.15   99.16   99.15   99.17   99.18   99.17
    41: hCoV-19/England/ALDP-B5BB37/2020|EPI_ISL_655349|2020-11-10    95.33   96.22   96.76   96.61   97.55   98.45   98.48   98.52   96.10   96.04   97.45   96.47   96.47   96.48   96.51   97.47   97.47   97.47   96.12   95.29   96.52   96.52   96.97   95.99   95.77   95.71   97.26   97.40   97.39   97.26   97.34   98.43   98.43   98.56   98.54   98.48   97.82   98.47   98.47   98.71  100.00   99.44   99.44   99.44   99.44   99.45   99.45   99.45   99.45   99.46   99.46   99.46   99.31   99.41   99.42   99.42   99.29   99.44   99.45   99.43   99.46   99.46   99.45   99.45   99.45   99.44   99.44   99.45   99.44   99.46   99.46   99.45   99.46   99.46   99.45   99.45   99.45   99.46   99.46   99.46   99.46   99.46   99.44   99.44   99.46   99.47   99.45   99.44   99.46   99.45   99.48   99.48   99.47   99.48   99.49   99.48   99.51   99.51   99.53   99.52
    42: hCoV-19/England/CAMB-1BB267/2020|EPI_ISL_664832|2020-11-10    95.71   96.63   97.19   97.03   97.96   98.88   98.88   98.90   96.51   96.46   97.87   96.88   96.88   96.89   96.93   97.89   97.88   97.88   95.63   95.68   96.94   96.97   96.46   96.42   96.18   96.13   97.68   97.82   97.80   97.68   97.78   98.85   98.86   98.97   98.95   98.98   98.23   98.88   98.88   99.14   99.44  100.00   99.99   99.98   99.99   99.98   99.98   99.97   99.98   99.99   99.98   99.98   99.69   99.83   99.83   99.84   99.71   99.86   99.86   99.85   99.87   99.88   99.87   99.87   99.87   99.85   99.86   99.87   99.86   99.88   99.88   99.87   99.88   99.88   99.87   99.87   99.87   99.87   99.88   99.88   99.88   99.88   99.86   99.86   99.88   99.89   99.86   99.86   99.87   99.97   99.87   99.88   99.88   99.90   99.88   99.89   99.88   99.90   99.91   99.90
    43: hCoV-19/England/CAMB-1BB249/2020|EPI_ISL_664831|2020-11-10    95.71   96.63   97.19   97.03   97.96   98.86   98.88   98.90   96.51   96.46   97.87   96.88   96.88   96.89   96.93   97.89   97.88   97.88   95.63   95.68   96.94   96.97   96.46   96.40   96.18   96.12   97.68   97.82   97.80   97.68   97.78   98.85   98.84   98.97   98.95   98.98   98.23   98.88   98.88   99.13   99.44   99.99  100.00   99.97   99.99   99.98   99.98   99.97   99.98   99.99   99.98   99.98   99.69   99.83   99.83   99.84   99.71   99.86   99.86   99.85   99.87   99.88   99.87   99.87   99.87   99.85   99.86   99.87   99.86   99.88   99.88   99.87   99.88   99.88   99.87   99.87   99.87   99.87   99.88   99.88   99.88   99.88   99.86   99.86   99.88   99.89   99.86   99.86   99.87   99.95   99.87   99.88   99.88   99.90   99.88   99.87   99.88   99.89   99.91   99.90
    44: hCoV-19/England/CAMB-1BB12E/2020|EPI_ISL_664820|2020-11-10    95.71   96.63   97.19   97.02   97.96   98.87   98.88   98.92   96.51   96.45   97.87   96.88   96.88   96.89   96.93   97.88   97.88   97.88   95.62   95.68   96.93   96.97   96.47   96.41   96.18   96.13   97.68   97.81   97.79   97.68   97.77   98.84   98.85   98.97   98.95   98.98   98.23   98.87   98.88   99.14   99.44   99.98   99.97  100.00   99.98   99.99   99.99   99.98   99.97   99.98   99.98   99.98   99.69   99.82   99.83   99.83   99.70   99.85   99.86   99.85   99.87   99.87   99.87   99.87   99.86   99.85   99.86   99.87   99.86   99.88   99.88   99.86   99.88   99.87   99.86   99.86   99.87   99.87   99.88   99.87   99.87   99.87   99.86   99.86   99.88   99.88   99.86   99.85   99.86   99.98   99.87   99.88   99.88   99.89   99.88   99.88   99.88   99.91   99.90   99.90
    45: hCoV-19/England/CAMB-1BB285/2020|EPI_ISL_664834|2020-11-10    95.71   96.63   97.19   97.03   97.96   98.86   98.88   98.92   96.51   96.46   97.87   96.88   96.88   96.89   96.93   97.89   97.88   97.88   95.63   95.68   96.94   96.97   96.47   96.40   96.18   96.12   97.68   97.82   97.80   97.68   97.77   98.85   98.84   98.97   98.95   98.98   98.23   98.88   98.88   99.13   99.44   99.99   99.99   99.98  100.00   99.99   99.99   99.99   99.98   99.99   99.98   99.98   99.69   99.83   99.83   99.84   99.71   99.86   99.86   99.85   99.87   99.88   99.87   99.87   99.87   99.85   99.86   99.87   99.86   99.88   99.88   99.87   99.88   99.88   99.87   99.87   99.87   99.87   99.88   99.88   99.88   99.88   99.86   99.86   99.88   99.89   99.86   99.86   99.87   99.97   99.87   99.88   99.88   99.90   99.88   99.87   99.88   99.90   99.91   99.90
    46: hCoV-19/England/CAMB-1BB0E5/2020|EPI_ISL_664818|2020-11-10    95.72   96.64   97.20   97.04   97.97   98.87   98.89   98.93   96.52   96.47   97.88   96.89   96.89   96.90   96.94   97.90   97.89   97.89   95.64   95.69   96.95   96.98   96.48   96.41   96.19   96.13   97.69   97.83   97.81   97.69   97.77   98.86   98.85   98.98   98.96   98.99   98.24   98.89   98.89   99.14   99.45   99.98   99.98   99.99   99.99  100.00  100.00  100.00   99.99   99.99   99.99   99.99   99.70   99.84   99.84   99.85   99.72   99.87   99.87   99.86   99.88   99.89   99.88   99.88   99.88   99.86   99.87   99.88   99.87   99.89   99.89   99.88   99.89   99.89   99.88   99.88   99.88   99.88   99.89   99.89   99.89   99.89   99.87   99.87   99.89   99.90   99.87   99.87   99.88   99.98   99.88   99.89   99.89   99.91   99.89   99.88   99.89   99.91   99.92   99.91
