     1: hCoV-19/England/MILK-BB09FA/2020|EPI_ISL_720293|2020-11-17   100.00   94.63   93.88   95.65   95.57   95.65   95.96   94.91   95.62   96.24   90.93   94.32   95.31   95.01   95.21   95.44   96.14   96.14   96.12   96.14   96.13   94.43   95.94   96.59   94.41   94.27   95.03   95.95   96.06   96.08   95.17   95.12   95.18   95.25   96.11   96.06   95.23   95.13   95.63   95.73   95.41   95.40   95.77   95.75   95.81   95.77   95.78   95.80   95.79   95.80   96.16   96.10   96.06   96.06   96.06   96.06   96.06   96.06   96.07   96.07   96.07   96.06   96.10   96.09   96.10   96.09   96.08   96.09   96.10   96.13   96.11   96.11   96.11   96.14   96.13   96.13   96.13   96.11   96.11   96.11   96.12   96.12   96.17   96.19   96.15   96.15   96.15   96.15   96.15   96.16   96.16   96.07   96.10   96.07   96.09   96.10   96.09   96.08   96.08   96.07
     2: hCoV-19/England/LOND-12F07FA/2020|EPI_ISL_679579|2020-11-17   94.63  100.00   96.93   97.26   97.00   96.88   97.36   96.36   97.06   97.52   92.91   93.41   93.99   95.18   95.78   96.03   97.16   96.70   96.68   96.70   96.69   95.02   95.86   95.24   94.98   95.39   95.62   96.52   96.64   96.67   95.75   95.71   95.78   95.85   97.17   97.16   95.82   95.72   96.20   96.31   96.01   96.00   97.04   96.32   96.40   96.37   96.38   96.39   96.38   96.39   96.43   96.65   96.63   96.64   96.63   96.63   96.63   96.64   96.64   96.64   96.64   96.64   96.66   96.65   96.65   96.67   96.66   96.67   96.68   96.66   96.66   96.67   96.67   96.70   96.69   96.69   96.69   96.69   96.69   96.68   96.68   96.68   96.67   96.68   96.68   96.68   96.69   96.69   96.69   96.70   96.70   96.65   96.68   96.66   96.66   96.68   96.67   96.66   96.66   96.66
     3: hCoV-19/England/NORW-F7C08/2020|EPI_ISL_665370|2020-11-17     93.88   96.93  100.00   97.84   98.22   96.64   97.14   96.10   96.81   97.30   91.65   93.17   94.49   93.88   95.53   95.76   95.98   96.45   96.43   96.45   96.44   96.25   95.60   95.02   94.73   94.09   95.52   95.22   97.15   97.17   96.21   96.16   96.23   96.30   96.64   96.55   96.27   96.17   96.66   96.75   96.44   96.43   97.50   96.77   96.84   96.80   96.81   96.83   96.82   96.83   96.90   97.11   97.08   97.08   97.08   97.08   97.08   97.08   97.09   97.09   97.09   97.08   97.11   97.10   97.11   97.12   97.11   97.11   97.12   97.12   97.11   97.12   97.12   97.15   97.14   97.14   97.14   97.13   97.13   97.13   97.14   97.13   97.14   97.15   97.15   97.15   97.15   97.15   97.16   97.16   97.16   97.09   97.12   97.10   97.10   97.12   97.11   97.10   97.10   97.10
     4: hCoV-19/England/LOND-DA8E9/2020|EPI_ISL_724670|2020-11-17     95.65   97.26   97.84  100.00   98.49   98.27   98.81   97.74   98.44   98.93   93.40   94.93   96.10   95.64   97.29   97.52   97.74   98.21   98.19   98.21   98.20   96.52   97.35   96.78   96.49   95.85   97.13   96.98   98.75   98.77   97.88   97.82   97.89   97.96   98.31   98.21   97.94   97.84   98.33   98.42   98.11   98.11   98.56   98.45   98.51   98.47   98.48   98.50   98.49   98.50   98.57   98.78   98.74   98.75   98.74   98.74   98.74   98.75   98.76   98.76   98.76   98.75   98.79   98.78   98.78   98.78   98.77   98.78   98.79   98.80   98.80   98.80   98.80   98.83   98.82   98.83   98.83   98.80   98.80   98.81   98.81   98.81   98.82   98.83   98.83   98.83   98.83   98.83   98.83   98.84   98.84   98.76   98.79   98.77   98.78   98.79   98.78   98.78   98.78   98.77
     5: hCoV-19/England/NOTT-11C950/2020|EPI_ISL_665561|2020-11-17    95.57   97.00   98.22   98.49  100.00   98.32   98.83   97.79   98.50   98.95   93.33   94.86   95.46   95.59   97.23   97.47   97.68   98.15   98.13   98.15   98.14   98.01   97.31   96.70   96.45   95.80   97.07   96.93   98.16   98.18   97.22   97.18   97.25   97.32   97.67   97.57   97.28   97.18   97.67   97.77   97.47   97.46   97.77   97.79   97.86   97.83   97.84   97.85   97.84   97.85   97.89   98.12   98.10   98.11   98.11   98.11   98.10   98.11   98.11   98.11   98.11   98.11   98.13   98.12   98.12   98.18   98.13   98.14   98.15   98.14   98.13   98.14   98.14   98.16   98.15   98.16   98.16   98.15   98.16   98.15   98.15   98.15   98.14   98.15   98.15   98.15   98.15   98.15   98.16   98.16   98.16   98.11   98.15   98.12   98.13   98.14   98.14   98.13   98.13   98.12
     6: hCoV-19/England/LOND-126430C/2020|EPI_ISL_703739|2020-11-17   95.65   96.88   96.64   98.27   98.32  100.00   99.15   98.87   98.37   98.83   93.23   94.75   95.54   95.68   97.42   97.56   97.87   98.34   98.32   98.34   98.33   96.56   97.39   96.79   96.54   95.90   97.15   97.01   98.19   98.22   97.33   97.27   97.34   97.41   97.76   97.66   97.38   97.28   97.78   97.86   97.55   97.55   97.87   97.91   97.95   97.91   97.92   97.94   97.93   97.94   97.99   98.32   98.20   98.20   98.19   98.19   98.19   98.20   98.20   98.20   98.20   98.20   98.32   98.31   98.32   98.22   98.22   98.23   98.24   98.23   98.23   98.25   98.25   98.26   98.26   98.26   98.26   98.24   98.24   98.25   98.26   98.26   98.24   98.25   98.25   98.25   98.26   98.26   98.26   98.26   98.27   98.20   98.23   98.21   98.21   98.23   98.22   98.21   98.21   98.21
     7: hCoV-19/England/204742306/2020|EPI_ISL_678728|2020-11-17      95.96   97.36   97.14   98.81   98.83   99.15  100.00   98.59   98.77   99.24   93.79   95.35   95.93   96.05   97.70   97.93   98.14   98.61   98.59   98.61   98.60   96.97   97.77   97.15   96.91   96.26   97.53   97.39   98.61   98.64   97.70   97.66   97.73   97.80   98.14   98.05   97.76   97.66   98.14   98.25   97.94   97.94   98.24   98.27   98.34   98.30   98.31   98.33   98.32   98.33   98.37   98.60   98.59   98.59   98.58   98.58   98.58   98.59   98.59   98.59   98.59   98.59   98.60   98.59   98.60   98.64   98.61   98.62   98.63   98.61   98.60   98.61   98.61   98.63   98.63   98.63   98.63   98.63   98.63   98.62   98.63   98.63   98.61   98.62   98.62   98.62   98.63   98.63   98.63   98.63   98.64   98.59   98.62   98.60   98.60   98.62   98.61   98.60   98.60   98.60
     8: hCoV-19/England/LOND-12643A2/2020|EPI_ISL_703335|2020-11-17   94.91   96.36   96.10   97.74   97.79   98.87   98.59  100.00   99.30   98.64   92.70   94.22   96.24   96.35   96.58   98.18   97.02   97.49   97.47   97.49   97.49   95.82   96.65   96.03   95.80   95.16   96.46   97.72   97.45   97.47   96.56   96.53   96.61   96.67   97.01   96.92   96.62   96.52   97.01   97.11   98.22   98.21   97.11   97.13   97.81   97.86   97.83   97.85   97.84   97.83   97.23   97.46   97.45   97.45   97.45   97.45   97.44   97.45   97.46   97.46   97.46   97.46   97.47   97.46   97.46   97.48   97.48   97.49   97.49   97.47   97.46   97.48   97.48   97.50   97.50   97.50   97.50   97.49   97.50   97.49   97.49   97.49   97.48   97.49   97.49   97.49   97.49   97.49   97.49   97.50   97.50   97.50   97.53   97.58   97.55   97.56   97.55   97.55   97.55   97.54
     9: hCoV-19/England/LOND-12642C3/2020|EPI_ISL_703879|2020-11-17   95.62   97.06   96.81   98.44   98.50   98.37   98.77   99.30  100.00   99.35   93.38   94.91   96.95   97.06   97.28   98.89   97.73   98.20   98.18   98.20   98.20   96.53   97.36   96.74   96.51   95.87   97.17   98.43   98.17   98.19   97.28   97.24   97.32   97.38   97.73   97.63   97.34   97.24   97.73   97.83   98.93   98.93   97.82   97.85   98.52   98.58   98.55   98.56   98.55   98.55   97.95   98.18   98.16   98.17   98.16   98.16   98.16   98.17   98.17   98.17   98.17   98.17   98.18   98.18   98.18   98.19   98.19   98.20   98.21   98.19   98.18   98.19   98.19   98.21   98.21   98.22   98.22   98.21   98.21   98.20   98.21   98.21   98.19   98.20   98.20   98.20   98.21   98.21   98.21   98.21   98.22   98.21   98.24   98.30   98.26   98.28   98.27   98.26   98.26   98.26
    10: hCoV-19/England/LOND-12645BB/2020|EPI_ISL_704086|2020-11-17   96.24   97.52   97.30   98.93   98.95   98.83   99.24   98.64   99.35  100.00   93.83   95.37   96.47   96.48   97.74   98.23   98.19   98.66   98.64   98.66   98.65   96.98   97.82   97.36   96.97   96.33   97.63   97.85   98.65   98.67   97.76   97.72   97.80   97.87   98.21   98.11   97.82   97.72   98.21   98.31   98.29   98.28   98.31   98.33   98.53   98.57   98.54   98.55   98.54   98.55   98.43   98.66   98.65   98.65   98.65   98.65   98.64   98.65   98.66   98.66   98.66   98.65   98.67   98.66   98.66   98.68   98.67   98.69   98.69   98.67   98.66   98.68   98.68   98.70   98.70   98.70   98.70   98.69   98.70   98.69   98.69   98.69   98.68   98.69   98.69   98.69   98.69   98.69   98.69   98.70   98.70   98.70   98.73   98.78   98.75   98.76   98.75   98.75   98.75   98.74
    11: hCoV-19/England/QEUH-B9E233/2020|EPI_ISL_719776|2020-11-17    90.93   92.91   91.65   93.40   93.33   93.23   93.79   92.70   93.38   93.83  100.00   91.71   92.24   93.45   94.09   94.31   95.49   95.02   95.01   95.02   95.01   93.30   94.94   94.35   93.26   94.27   93.91   94.80   94.92   94.94   94.05   94.01   94.06   94.13   95.45   95.48   94.10   94.00   94.50   94.59   94.29   94.27   94.63   94.63   94.68   94.64   94.65   94.66   94.66   94.66   94.75   94.96   94.94   94.95   94.94   94.94   94.94   94.95   94.95   94.95   94.95   94.95   94.96   94.96   94.96   94.95   94.95   94.95   94.96   94.98   94.97   94.98   94.98   95.00   94.99   94.99   94.99   94.97   94.97   94.98   94.99   94.98   95.02   95.04   95.02   95.01   95.01   95.01   95.02   95.02   95.03   94.93   94.96   94.93   94.95   94.95   94.95   94.94   94.94   94.94
    12: hCoV-19/England/MILK-BB0392/2020|EPI_ISL_720420|2020-11-17    94.32   93.41   93.17   94.93   94.86   94.75   95.35   94.22   94.91   95.37   91.71  100.00   93.86   93.89   97.52   95.91   96.13   96.52   96.58   96.60   96.59   93.92   94.76   94.17   94.75   93.25   94.51   94.36   95.53   95.55   96.51   96.46   94.67   94.74   95.09   94.99   94.71   94.62   95.11   95.20   94.89   94.88   95.22   95.23   95.28   95.24   95.26   95.27   95.26   95.27   95.34   95.56   95.52   95.53   95.52   95.52   95.52   95.53   95.53   95.53   95.53   95.53   95.56   95.56   95.56   95.55   95.55   95.56   95.57   95.58   95.57   95.58   95.58   95.61   95.61   95.61   95.61   95.59   95.59   95.58   95.59   95.59   95.59   95.60   95.60   95.60   95.60   95.60   95.61   95.61   95.61   95.54   95.56   95.54   95.55   95.56   95.55   95.55   95.55   95.54
    13: hCoV-19/England/SHEF-C1DB9/2020|EPI_ISL_680119|2020-11-17     95.31   93.99   94.49   96.10   95.46   95.54   95.93   96.24   96.95   96.47   92.24   93.86  100.00   96.93   96.30   97.90   96.76   97.15   97.20   97.22   97.22   94.56   96.06   96.67   95.42   93.90   97.32   97.00   96.25   96.27   94.35   94.33   94.39   94.46   94.80   94.71   94.42   94.32   94.80   94.90   95.98   95.97   94.89   94.92   95.57   95.62   95.60   95.61   95.60   95.60   95.03   95.24   95.23   95.23   95.23   95.23   95.23   95.23   95.24   95.24   95.24   95.24   95.24   95.24   95.24   95.26   95.25   95.26   95.27   95.27   95.24   95.26   95.26   95.27   95.27   95.27   95.27   95.27   95.28   95.26   95.27   95.26   95.25   95.26   95.27   95.26   95.27   95.27   95.27   95.27   95.28   95.27   95.30   95.35   95.32   95.34   95.33   95.32   95.32   95.32
    14: hCoV-19/England/MILK-BA9FD4/2020|EPI_ISL_783165|2020-11-17    95.01   95.18   93.88   95.64   95.59   95.68   96.05   96.35   97.06   96.48   93.45   93.89   96.93  100.00   96.33   97.93   97.71   97.33   97.23   97.25   97.25   94.81   95.98   95.98   95.66   95.20   95.46   97.76   96.47   96.48   94.64   94.61   94.68   94.74   96.04   96.05   95.52   95.60   95.09   95.19   96.28   96.30   95.18   95.21   95.87   95.89   95.92   95.92   95.91   95.90   95.31   95.54   95.53   95.53   95.53   95.53   95.52   95.53   95.53   95.53   95.53   95.53   95.54   95.54   95.54   95.55   95.55   95.55   95.56   95.54   95.54   95.55   95.55   95.57   95.56   95.56   95.56   95.56   95.57   95.56   95.56   95.56   95.55   95.56   95.56   95.56   95.56   95.56   95.56   95.57   95.57   95.57   95.60   95.61   95.62   95.64   95.66   95.64   95.64   95.64
    15: hCoV-19/England/MILK-BAFF65/2020|EPI_ISL_801222|2020-11-17    95.21   95.78   95.53   97.29   97.23   97.42   97.70   96.58   97.28   97.74   94.09   97.52   96.30   96.33  100.00   98.29   98.61   99.00   99.05   99.07   99.06   96.33   97.16   96.57   97.17   95.68   96.92   96.78   97.95   97.97   98.93   98.87   97.10   97.17   97.52   97.42   97.14   97.04   97.54   97.62   97.32   97.31   97.63   97.66   97.71   97.67   97.68   97.70   97.69   97.70   97.79   98.09   97.95   97.95   97.95   97.95   97.94   97.95   97.96   97.96   97.96   97.95   98.08   98.07   98.07   97.98   97.97   97.98   97.99   97.99   97.98   98.00   98.00   98.02   98.01   98.02   98.02   98.00   98.00   98.00   98.01   98.01   98.00   98.01   98.01   98.01   98.01   98.01   98.01   98.02   98.02   97.96   97.99   97.96   97.97   97.98   97.98   97.97   97.97   97.97
    16: hCoV-19/England/SHEF-10CD998/2020|EPI_ISL_680104|2020-11-17   95.44   96.03   95.76   97.52   97.47   97.56   97.93   98.18   98.89   98.23   94.31   95.91   97.90   97.93   98.29  100.00   98.74   99.12   99.18   99.20   99.19   96.57   97.39   96.78   97.41   95.91   97.21   98.37   98.20   98.21   97.31   97.27   97.34   97.41   97.76   97.66   97.37   97.27   97.75   97.85   98.91   98.91   97.85   97.87   98.54   98.52   98.53   98.54   98.53   98.53   97.97   98.20   98.18   98.18   98.18   98.18   98.18   98.18   98.19   98.19   98.19   98.19   98.20   98.20   98.20   98.23   98.21   98.22   98.23   98.20   98.20   98.21   98.21   98.25   98.23   98.23   98.23   98.23   98.23   98.22   98.23   98.22   98.21   98.22   98.22   98.22   98.23   98.23   98.23   98.23   98.24   98.25   98.26   98.24   98.25   98.26   98.25   98.25   98.25   98.24
    17: hCoV-19/England/MILK-BB1689/2020|EPI_ISL_720319|2020-11-17    96.14   97.16   95.98   97.74   97.68   97.87   98.14   97.02   97.73   98.19   95.49   96.13   96.76   97.71   98.61   98.74  100.00   99.44   99.50   99.51   99.51   96.77   97.60   97.01   97.62   97.05   97.37   98.16   98.40   98.42   97.54   97.49   97.56   97.62   98.90   98.81   97.59   97.50   97.99   98.07   97.77   97.76   98.08   98.11   98.16   98.12   98.13   98.15   98.14   98.15   98.21   98.52   98.40   98.40   98.40   98.40   98.39   98.40   98.41   98.41   98.41   98.40   98.52   98.52   98.52   98.43   98.43   98.43   98.44   98.44   98.44   98.45   98.45   98.47   98.46   98.47   98.47   98.45   98.45   98.46   98.46   98.46   98.45   98.46   98.46   98.46   98.46   98.46   98.47   98.47   98.47   98.41   98.44   98.42   98.42   98.43   98.43   98.42   98.42   98.42
    18: hCoV-19/England/MILK-BB13BF/2020|EPI_ISL_720174|2020-11-17    96.14   96.70   96.45   98.21   98.15   98.34   98.61   97.49   98.20   98.66   95.02   96.52   97.15   97.33   99.00   99.12   99.44  100.00   99.88   99.90   99.89   97.31   98.14   97.55   98.16   96.66   97.91   97.77   98.94   98.96   98.08   98.03   98.10   98.16   98.51   98.42   98.14   98.04   98.53   98.62   98.31   98.30   98.63   98.65   98.70   98.67   98.68   98.69   98.68   98.69   98.75   99.07   98.94   98.94   98.94   98.94   98.94   98.94   98.95   98.95   98.95   98.95   99.07   99.06   99.07   98.97   98.97   98.98   98.99   98.99   98.98   99.00   99.00   99.01   99.01   99.01   99.01   98.99   98.99   99.00   99.01   99.00   98.99   99.00   99.00   99.00   99.01   99.01   99.01   99.01   99.02   98.95   98.98   98.96   98.97   98.98   98.97   98.97   98.97   98.96
    19: hCoV-19/England/MILK-BAFA28/2020|EPI_ISL_783224|2020-11-17    96.12   96.68   96.43   98.19   98.13   98.32   98.59   97.47   98.18   98.64   95.01   96.58   97.20   97.23   99.05   99.18   99.50   99.88  100.00   99.96   99.96   97.22   98.05   97.45   98.06   96.57   97.81   97.68   98.85   98.87   97.98   97.93   98.00   98.07   98.42   98.32   98.04   97.94   98.43   98.52   98.21   98.20   98.53   98.55   98.60   98.57   98.58   98.60   98.59   98.59   98.65   98.97   98.84   98.85   98.84   98.84   98.84   98.85   98.85   98.85   98.85   98.85   98.97   98.97   98.97   98.87   98.87   98.88   98.89   98.89   98.88   98.90   98.90   98.91   98.91   98.91   98.91   98.89   98.89   98.90   98.91   98.90   98.89   98.90   98.90   98.90   98.91   98.91   98.91   98.91   98.92   98.85   98.88   98.86   98.87   98.88   98.87   98.87   98.87   98.86
    20: hCoV-19/England/MILK-BB0C6A/2020|EPI_ISL_720622|2020-11-17    96.14   96.70   96.45   98.21   98.15   98.34   98.61   97.49   98.20   98.66   95.02   96.60   97.22   97.25   99.07   99.20   99.51   99.90   99.96  100.00   99.97   97.23   98.07   97.47   98.09   96.59   97.83   97.69   98.87   98.88   98.01   97.95   98.02   98.09   98.43   98.34   98.06   97.96   98.45   98.54   98.23   98.23   98.55   98.58   98.62   98.59   98.60   98.62   98.61   98.61   98.67   98.99   98.86   98.87   98.86   98.86   98.86   98.87   98.87   98.87   98.87   98.87   98.99   99.01   99.01   98.89   98.89   98.90   98.91   98.91   98.91   98.92   98.92   98.93   98.93   98.93   98.93   98.91   98.91   98.92   98.93   98.92   98.91   98.92   98.92   98.92   98.93   98.93   98.93   98.93   98.94   98.87   98.90   98.88   98.89   98.90   98.89   98.89   98.89   98.88
    21: hCoV-19/England/MILK-BAA6DE/2020|EPI_ISL_783337|2020-11-17    96.13   96.69   96.44   98.20   98.14   98.33   98.60   97.49   98.20   98.65   95.01   96.59   97.22   97.25   99.06   99.19   99.51   99.89   99.96   99.97  100.00   97.22   98.06   97.46   98.08   96.58   97.82   97.69   98.86   98.87   97.99   97.94   98.01   98.08   98.43   98.33   98.06   97.96   98.44   98.53   98.23   98.22   98.54   98.56   98.61   98.58   98.59   98.61   98.60   98.60   98.66   98.98   98.85   98.86   98.85   98.85   98.85   98.86   98.86   98.86   98.86   98.86   98.98   98.98   98.98   98.88   98.88   98.89   98.90   98.90   98.89   98.91   98.91   98.92   98.92   98.92   98.92   98.90   98.90   98.91   98.92   98.91   98.90   98.91   98.91   98.91   98.92   98.92   98.92   98.92   98.93   98.86   98.89   98.87   98.88   98.89   98.88   98.88   98.88   98.87
    22: hCoV-19/England/CAMB-1BB4F8/2020|EPI_ISL_664470|2020-11-17    94.43   95.02   96.25   96.52   98.01   96.56   96.97   95.82   96.53   96.98   93.30   93.92   94.56   94.81   96.33   96.57   96.77   97.31   97.22   97.23   97.22  100.00   97.37   96.77   95.66   95.88   97.14   97.00   98.22   98.24   97.28   97.24   97.32   97.38   97.73   97.63   97.35   97.25   97.73   97.84   97.53   97.52   97.83   97.85   97.92   97.89   97.90   97.91   97.90   97.91   97.95   98.18   98.16   98.16   98.16   98.16   98.16   98.16   98.17   98.17   98.17   98.16   98.18   98.17   98.18   98.24   98.19   98.20   98.21   98.19   98.18   98.19   98.19   98.22   98.21   98.21   98.21   98.21   98.21   98.20   98.21   98.20   98.20   98.21   98.21   98.21   98.21   98.21   98.21   98.22   98.22   98.17   98.20   98.18   98.18   98.19   98.19   98.18   98.18   98.18
    23: hCoV-19/England/QEUH-B9E172/2020|EPI_ISL_721062|2020-11-17    95.94   95.86   95.60   97.35   97.31   97.39   97.77   96.65   97.36   97.82   94.94   94.76   96.06   95.98   97.16   97.39   97.60   98.14   98.05   98.07   98.06   97.37  100.00   99.30   96.49   96.72   97.97   97.86   99.01   99.02   98.13   98.10   98.16   98.23   98.57   98.48   98.19   98.09   98.57   98.67   98.37   98.36   98.67   98.69   98.76   98.73   98.74   98.75   98.74   98.75   98.79   99.02   99.01   99.01   99.01   99.01   99.01   99.01   99.02   99.02   99.02   99.01   99.02   99.02   99.02   99.03   99.03   99.04   99.05   99.05   99.02   99.04   99.04   99.05   99.05   99.05   99.05   99.05   99.05   99.04   99.05   99.04   99.03   99.04   99.05   99.04   99.05   99.05   99.05   99.05   99.06   99.02   99.05   99.02   99.03   99.04   99.03   99.03   99.03   99.02
    24: hCoV-19/England/MILK-BA9FE3/2020|EPI_ISL_783200|2020-11-17    96.59   95.24   95.02   96.78   96.70   96.79   97.15   96.03   96.74   97.36   94.35   94.17   96.67   95.98   96.57   96.78   97.01   97.55   97.45   97.47   97.46   96.77   99.30  100.00   95.88   96.11   97.36   97.75   98.39   98.41   97.53   97.48   97.54   97.61   97.96   97.87   97.59   97.49   97.97   98.07   97.76   97.75   98.09   98.10   98.15   98.11   98.12   98.14   98.13   98.13   98.21   98.43   98.40   98.40   98.40   98.40   98.39   98.40   98.40   98.40   98.40   98.40   98.43   98.42   98.43   98.42   98.42   98.42   98.43   98.48   98.44   98.44   98.44   98.47   98.47   98.47   98.47   98.45   98.45   98.45   98.45   98.45   98.45   98.46   98.47   98.46   98.47   98.47   98.47   98.47   98.48   98.40   98.43   98.41   98.42   98.43   98.42   98.41   98.41   98.41
    25: hCoV-19/England/MILK-BAAA3C/2020|EPI_ISL_681539|2020-11-17    94.41   94.98   94.73   96.49   96.45   96.54   96.91   95.80   96.51   96.97   93.26   94.75   95.42   95.66   97.17   97.41   97.62   98.16   98.06   98.09   98.08   95.66   96.49   95.88  100.00   96.75   96.27   96.12   97.28   97.30   96.40   96.36   98.30   98.24   96.85   96.76   96.46   96.37   96.84   96.95   96.65   96.64   96.94   96.97   97.04   97.01   97.03   97.04   97.03   97.03   97.33   97.30   97.28   97.29   97.28   97.28   97.28   97.29   97.29   97.29   97.29   97.29   97.31   97.30   97.30   97.31   97.37   97.42   97.39   97.30   97.30   97.31   97.31   97.33   97.32   97.33   97.33   97.32   97.33   97.32   97.32   97.32   97.31   97.32   97.32   97.32   97.33   97.32   97.33   97.33   97.33   97.30   97.33   97.30   97.31   97.32   97.32   97.31   97.31   97.31
    26: hCoV-19/England/MILK-BB16B6/2020|EPI_ISL_720095|2020-11-17    94.27   95.39   94.09   95.85   95.80   95.90   96.26   95.16   95.87   96.33   94.27   93.25   93.90   95.20   95.68   95.91   97.05   96.66   96.57   96.59   96.58   95.88   96.72   96.11   96.75  100.00   96.49   97.38   97.51   97.52   96.63   96.59   98.42   96.73   98.02   98.02   96.69   96.59   97.07   97.18   96.88   96.87   97.17   97.19   97.27   97.23   97.25   97.26   97.25   97.25   97.29   97.53   97.50   97.50   97.50   97.50   97.50   97.51   97.51   97.51   97.51   97.51   97.53   97.52   97.53   97.53   97.53   97.54   97.55   97.53   97.52   97.53   97.53   97.55   97.55   97.55   97.55   97.55   97.55   97.55   97.55   97.55   97.53   97.54   97.54   97.54   97.55   97.55   97.55   97.55   97.56   97.52   97.55   97.52   97.53   97.54   97.54   97.54   97.54   97.53
    27: hCoV-19/England/CAMB-1BB55F/2020|EPI_ISL_664516|2020-11-17    95.03   95.62   95.52   97.13   97.07   97.15   97.53   96.46   97.17   97.63   93.91   94.51   97.32   95.46   96.92   97.21   97.37   97.91   97.81   97.83   97.82   97.14   97.97   97.36   96.27   96.49  100.00   97.64   98.89   98.90   97.94   97.91   97.98   98.05   98.40   98.29   98.01   97.91   98.39   98.49   98.23   98.22   98.49   98.51   98.62   98.59   98.60   98.61   98.60   98.61   98.61   98.84   98.82   98.82   98.82   98.82   98.82   98.82   98.83   98.83   98.83   98.83   98.84   98.84   98.84   98.87   98.85   98.86   98.87   98.85   98.84   98.85   98.85   98.89   98.87   98.87   98.87   98.87   98.88   98.86   98.87   98.86   98.85   98.86   98.86   98.86   98.87   98.87   98.87   98.87   98.88   98.87   98.90   98.88   98.88   98.89   98.89   98.88   98.88   98.88
    28: hCoV-19/England/MILK-BAA261/2020|EPI_ISL_783312|2020-11-17    95.95   96.52   95.22   96.98   96.93   97.01   97.39   97.72   98.43   97.85   94.80   94.36   97.00   97.76   96.78   98.37   98.16   97.77   97.68   97.69   97.69   97.00   97.86   97.75   96.12   97.38   97.64  100.00   98.65   98.66   97.27   97.23   97.31   97.37   98.67   98.66   97.34   97.24   97.72   97.82   98.91   98.91   97.81   97.84   98.50   98.57   98.53   98.54   98.53   98.52   97.94   98.17   98.14   98.15   98.14   98.14   98.14   98.15   98.15   98.15   98.15   98.15   98.17   98.16   98.17   98.18   98.17   98.18   98.19   98.17   98.17   98.18   98.18   98.20   98.19   98.19   98.19   98.19   98.20   98.18   98.19   98.19   98.18   98.19   98.19   98.19   98.19   98.19   98.19   98.20   98.20   98.20   98.23   98.29   98.25   98.26   98.25   98.25   98.25   98.24
    29: hCoV-19/England/PORT-2EA4D1/2020|EPI_ISL_665616|2020-11-17    96.06   96.64   97.15   98.75   98.16   98.19   98.61   97.45   98.17   98.65   94.92   95.53   96.25   96.47   97.95   98.20   98.40   98.94   98.85   98.87   98.86   98.22   99.01   98.39   97.28   97.51   98.89   98.65  100.00   99.98   97.99   97.95   98.02   98.09   98.43   98.33   98.05   97.96   98.43   98.53   98.23   98.23   98.53   98.55   98.62   98.59   98.60   98.61   98.60   98.61   98.65   98.87   98.85   98.86   98.85   98.85   98.85   98.86   98.86   98.86   98.86   98.86   98.88   98.87   98.88   98.95   98.89   98.89   98.90   98.89   98.88   98.89   98.89   98.92   98.90   98.91   98.91   98.90   98.91   98.90   98.90   98.90   98.89   98.90   98.90   98.90   98.90   98.90   98.91   98.91   98.91   98.87   98.90   98.87   98.88   98.89   98.89   98.88   98.88   98.88
    30: hCoV-19/England/PORT-2EA4E0/2020|EPI_ISL_665625|2020-11-17    96.08   96.67   97.17   98.77   98.18   98.22   98.64   97.47   98.19   98.67   94.94   95.55   96.27   96.48   97.97   98.21   98.42   98.96   98.87   98.88   98.87   98.24   99.02   98.41   97.30   97.52   98.90   98.66   99.98  100.00   98.01   97.97   98.04   98.11   98.45   98.35   98.07   97.97   98.45   98.55   98.25   98.24   98.54   98.57   98.64   98.60   98.61   98.63   98.62   98.62   98.66   98.89   98.87   98.87   98.87   98.87   98.87   98.87   98.88   98.88   98.88   98.88   98.90   98.89   98.89   98.95   98.90   98.91   98.92   98.91   98.89   98.91   98.91   98.93   98.92   98.92   98.92   98.92   98.93   98.91   98.92   98.92   98.91   98.92   98.92   98.92   98.92   98.92   98.92   98.93   98.93   98.89   98.92   98.89   98.90   98.91   98.91   98.90   98.90   98.90
    31: hCoV-19/England/MILK-BB0BE5/2020|EPI_ISL_720483|2020-11-17    95.17   95.75   96.21   97.88   97.22   97.33   97.70   96.56   97.28   97.76   94.05   96.51   94.35   94.64   98.93   97.31   97.54   98.08   97.98   98.01   97.99   97.28   98.13   97.53   96.40   96.63   97.94   97.27   97.99   98.01  100.00   99.88   98.12   98.19   98.53   98.44   98.16   98.06   98.54   98.63   98.33   98.32   98.64   98.67   98.71   98.68   98.69   98.71   98.70   98.70   98.76   98.99   98.96   98.96   98.96   98.96   98.96   98.96   98.97   98.97   98.97   98.97   99.00   98.99   98.99   98.99   98.98   98.99   99.00   98.99   98.99   99.01   99.01   99.03   99.02   99.03   99.03   99.01   99.01   99.08   99.09   99.08   99.01   99.02   99.02   99.02   99.02   99.02   99.02   99.03   99.03   98.97   98.99   98.97   98.98   98.99   98.98   98.98   98.98   98.97
    32: hCoV-19/England/MILK-BAFFED/2020|EPI_ISL_801217|2020-11-17    95.12   95.71   96.16   97.82   97.18   97.27   97.66   96.53   97.24   97.72   94.01   96.46   94.33   94.61   98.87   97.27   97.49   98.03   97.93   97.95   97.94   97.24   98.10   97.48   96.36   96.59   97.91   97.23   97.95   97.97   99.88  100.00   98.08   98.15   98.49   98.56   98.11   98.01   98.48   98.59   98.29   98.28   98.59   98.61   98.68   98.64   98.65   98.67   98.66   98.66   98.71   98.93   99.08   99.08   99.08   99.08   99.07   99.08   99.09   99.09   99.09   99.08   98.94   98.93   98.93   98.95   98.94   98.95   98.96   98.94   98.93   98.95   98.95   98.97   98.97   98.97   98.97   98.97   98.97   98.96   98.97   98.97   98.95   98.96   98.96   98.96   98.96   98.96   98.97   98.97   98.97   98.93   98.96   98.93   98.94   98.95   98.94   98.94   98.94   98.93
    33: hCoV-19/England/MILK-BB05D8/2020|EPI_ISL_720065|2020-11-17    95.18   95.78   96.23   97.89   97.25   97.34   97.73   96.61   97.32   97.80   94.06   94.67   94.39   94.68   97.10   97.34   97.56   98.10   98.00   98.02   98.01   97.32   98.16   97.54   98.30   98.42   97.98   97.31   98.02   98.04   98.12   98.08  100.00   98.32   98.56   98.47   98.18   98.09   98.56   98.66   98.36   98.36   98.66   98.68   98.75   98.72   98.73   98.74   98.73   98.74   98.78   99.01   98.99   98.99   98.99   98.99   98.99   98.99   99.00   99.00   99.00   99.00   99.01   99.01   99.01   99.02   99.08   99.12   99.10   99.01   99.00   99.02   99.02   99.04   99.03   99.04   99.04   99.03   99.04   99.03   99.03   99.03   99.02   99.03   99.03   99.03   99.03   99.03   99.04   99.04   99.04   99.00   99.03   99.01   99.01   99.03   99.02   99.01   99.01   99.01
    34: hCoV-19/England/MILK-BAAA4B/2020|EPI_ISL_681610|2020-11-17    95.25   95.85   96.30   97.96   97.32   97.41   97.80   96.67   97.38   97.87   94.13   94.74   94.46   94.74   97.17   97.41   97.62   98.16   98.07   98.09   98.08   97.38   98.23   97.61   98.24   96.73   98.05   97.37   98.09   98.11   98.19   98.15   98.32  100.00   98.63   98.53   98.25   98.16   98.62   98.73   98.42   98.42   98.72   98.75   98.81   98.78   98.79   98.81   98.80   98.80   98.84   99.07   99.05   99.05   99.05   99.05   99.05   99.06   99.06   99.06   99.06   99.06   99.08   99.07   99.07   99.09   99.14   99.19   99.17   99.07   99.07   99.09   99.09   99.11   99.10   99.10   99.10   99.10   99.11   99.09   99.10   99.10   99.09   99.10   99.10   99.10   99.10   99.10   99.11   99.11   99.11   99.07   99.09   99.07   99.08   99.09   99.08   99.08   99.08   99.07
    35: hCoV-19/England/MILK-BAFC31/2020|EPI_ISL_720358|2020-11-17    96.11   97.17   96.64   98.31   97.67   97.76   98.14   97.01   97.73   98.21   95.45   95.09   94.80   96.04   97.52   97.76   98.90   98.51   98.42   98.43   98.43   97.73   98.57   97.96   96.85   98.02   98.40   98.67   98.43   98.45   98.53   98.49   98.56   98.63  100.00   99.81   98.59   98.50   98.97   99.07   98.77   98.77   99.07   99.09   99.16   99.13   99.14   99.15   99.14   99.15   99.19   99.42   99.39   99.39   99.39   99.39   99.39   99.40   99.40   99.40   99.40   99.40   99.42   99.41   99.42   99.43   99.42   99.43   99.44   99.42   99.42   99.43   99.43   99.45   99.45   99.45   99.45   99.45   99.45   99.43   99.44   99.44   99.43   99.44   99.44   99.44   99.45   99.45   99.45   99.45   99.46   99.41   99.44   99.42   99.42   99.43   99.43   99.42   99.42   99.42
    36: hCoV-19/England/MILK-BA9C46/2020|EPI_ISL_783261|2020-11-17    96.06   97.16   96.55   98.21   97.57   97.66   98.05   96.92   97.63   98.11   95.48   94.99   94.71   96.05   97.42   97.66   98.81   98.42   98.32   98.34   98.33   97.63   98.48   97.87   96.76   98.02   98.29   98.66   98.33   98.35   98.44   98.56   98.47   98.53   99.81  100.00   98.49   98.39   98.87   98.97   98.67   98.67   98.97   99.00   99.06   99.03   99.04   99.05   99.04   99.05   99.09   99.32   99.47   99.46   99.46   99.46   99.46   99.46   99.47   99.47   99.47   99.47   99.32   99.32   99.32   99.33   99.33   99.33   99.34   99.33   99.32   99.33   99.33   99.35   99.34   99.35   99.35   99.34   99.35   99.34   99.35   99.35   99.33   99.34   99.34   99.34   99.34   99.34   99.35   99.35   99.35   99.31   99.34   99.31   99.32   99.33   99.33   99.32   99.32   99.32
    37: hCoV-19/England/MILK-BB0374/2020|EPI_ISL_720381|2020-11-17    95.23   95.82   96.27   97.94   97.28   97.38   97.76   96.62   97.34   97.82   94.10   94.71   94.42   95.52   97.14   97.37   97.59   98.14   98.04   98.06   98.06   97.35   98.19   97.59   96.46   96.69   98.01   97.34   98.05   98.07   98.16   98.11   98.18   98.25   98.59   98.49  100.00   99.90   98.59   99.45   98.38   98.38   98.70   98.71   98.77   98.75   98.75   98.77   98.76   98.76   98.82   99.04   99.01   99.01   99.01   99.01   99.01   99.02   99.02   99.02   99.02   99.02   99.05   99.04   99.04   99.05   99.05   99.05   99.07   99.05   99.05   99.05   99.05   99.08   99.08   99.08   99.08   99.08   99.08   99.06   99.07   99.07   99.06   99.07   99.07   99.07   99.07   99.07   99.08   99.08   99.08   99.03   99.05   99.04   99.04   99.05   99.04   99.04   99.04   99.03
    38: hCoV-19/England/MILK-BB0356/2020|EPI_ISL_720409|2020-11-17    95.13   95.72   96.17   97.84   97.18   97.28   97.66   96.52   97.24   97.72   94.00   94.62   94.32   95.60   97.04   97.27   97.50   98.04   97.94   97.96   97.96   97.25   98.09   97.49   96.37   96.59   97.91   97.24   97.96   97.97   98.06   98.01   98.09   98.16   98.50   98.39   99.90  100.00   98.49   99.35   98.29   98.28   98.60   98.62   98.68   98.65   98.65   98.67   98.66   98.66   98.72   98.95   98.91   98.91   98.91   98.91   98.91   98.92   98.92   98.92   98.92   98.92   98.95   98.94   98.95   98.95   98.95   98.96   98.97   98.95   98.95   98.96   98.96   98.98   98.98   98.98   98.98   98.98   98.98   98.97   98.97   98.97   98.96   98.97   98.97   98.97   98.98   98.98   98.98   98.98   98.99   98.93   98.96   98.94   98.94   98.95   98.95   98.94   98.94   98.94
    39: hCoV-19/England/MILK-BA9C19/2020|EPI_ISL_783245|2020-11-17    95.63   96.20   96.66   98.33   97.67   97.78   98.14   97.01   97.73   98.21   94.50   95.11   94.80   95.09   97.54   97.75   97.99   98.53   98.43   98.45   98.44   97.73   98.57   97.97   96.84   97.07   98.39   97.72   98.43   98.45   98.54   98.48   98.56   98.62   98.97   98.87   98.59   98.49  100.00   99.07   98.77   98.76   99.08   99.11   99.15   99.12   99.13   99.15   99.14   99.14   99.20   99.43   99.39   99.39   99.39   99.39   99.39   99.39   99.40   99.40   99.40   99.40   99.44   99.43   99.43   99.42   99.42   99.43   99.44   99.43   99.43   99.45   99.45   99.46   99.46   99.46   99.46   99.44   99.44   99.45   99.46   99.45   99.44   99.45   99.45   99.45   99.46   99.46   99.46   99.46   99.47   99.41   99.43   99.41   99.42   99.43   99.42   99.42   99.42   99.41
    40: hCoV-19/England/QEUH-B9E34F/2020|EPI_ISL_720980|2020-11-17    95.73   96.31   96.75   98.42   97.77   97.86   98.25   97.11   97.83   98.31   94.59   95.20   94.90   95.19   97.62   97.85   98.07   98.62   98.52   98.54   98.53   97.84   98.67   98.07   96.95   97.18   98.49   97.82   98.53   98.55   98.63   98.59   98.66   98.73   99.07   98.97   99.45   99.35   99.07  100.00   98.86   98.86   99.18   99.19   99.25   99.23   99.23   99.25   99.24   99.24   99.30   99.52   99.49   99.49   99.49   99.49   99.49   99.50   99.50   99.50   99.50   99.50   99.52   99.52   99.52   99.53   99.53   99.53   99.54   99.53   99.52   99.53   99.53   99.56   99.56   99.56   99.56   99.55   99.56   99.54   99.55   99.54   99.54   99.55   99.55   99.55   99.55   99.55   99.56   99.56   99.56   99.51   99.53   99.52   99.52   99.53   99.52   99.52   99.52   99.51
    41: hCoV-19/England/MILK-BB108B/2020|EPI_ISL_720363|2020-11-17    95.41   96.01   96.44   98.11   97.47   97.55   97.94   98.22   98.93   98.29   94.29   94.89   95.98   96.28   97.32   98.91   97.77   98.31   98.21   98.23   98.23   97.53   98.37   97.76   96.65   96.88   98.23   98.91   98.23   98.25   98.33   98.29   98.36   98.42   98.77   98.67   98.38   98.29   98.77   98.86  100.00   99.95   98.86   98.89   99.55   99.56   99.57   99.59   99.58   99.57   98.99   99.21   99.19   99.19   99.19   99.19   99.19   99.19   99.20   99.20   99.20   99.20   99.21   99.21   99.21   99.22   99.22   99.23   99.24   99.21   99.21   99.22   99.22   99.24   99.24   99.24   99.24   99.24   99.24   99.23   99.24   99.23   99.22   99.23   99.23   99.23   99.24   99.24   99.24   99.24   99.25   99.24   99.27   99.28   99.29   99.30   99.30   99.29   99.29   99.29
    42: hCoV-19/England/MILK-BAB312/2020|EPI_ISL_783267|2020-11-17    95.40   96.00   96.43   98.11   97.46   97.55   97.94   98.21   98.93   98.28   94.27   94.88   95.97   96.30   97.31   98.91   97.76   98.30   98.20   98.23   98.22   97.52   98.36   97.75   96.64   96.87   98.22   98.91   98.23   98.24   98.32   98.28   98.36   98.42   98.77   98.67   98.38   98.28   98.76   98.86   99.95  100.00   98.86   98.88   99.55   99.56   99.62   99.59   99.58   99.57   98.98   99.21   99.19   99.19   99.19   99.19   99.18   99.19   99.20   99.20   99.20   99.19   99.21   99.20   99.21   99.22   99.22   99.22   99.23   99.21   99.20   99.22   99.22   99.24   99.23   99.24   99.24   99.23   99.24   99.23   99.23   99.23   99.22   99.23   99.23   99.23   99.23   99.23   99.24   99.24   99.24   99.24   99.27   99.28   99.29   99.31   99.32   99.34   99.35   99.34
    43: hCoV-19/England/MILK-BAA692/2020|EPI_ISL_783240|2020-11-17    95.77   97.04   97.50   98.56   97.77   97.87   98.24   97.11   97.82   98.31   94.63   95.22   94.89   95.18   97.63   97.85   98.08   98.63   98.53   98.55   98.54   97.83   98.67   98.09   96.94   97.17   98.49   97.81   98.53   98.54   98.64   98.59   98.66   98.72   99.07   98.97   98.70   98.60   99.08   99.18   98.86   98.86  100.00   99.20   99.25   99.22   99.23   99.24   99.23   99.24   99.34   99.53   99.49   99.49   99.49   99.49   99.49   99.49   99.50   99.50   99.50   99.50   99.53   99.53   99.53   99.52   99.52   99.53   99.54   99.54   99.54   99.54   99.54   99.58   99.57   99.57   99.57   99.55   99.55   99.55   99.56   99.55   99.58   99.59   99.59   99.59   99.59   99.59   99.59   99.60   99.60   99.50   99.53   99.51   99.51   99.52   99.52   99.51   99.51   99.51
    44: hCoV-19/England/MILK-BAFA64/2020|EPI_ISL_783306|2020-11-17    95.75   96.32   96.77   98.45   97.79   97.91   98.27   97.13   97.85   98.33   94.63   95.23   94.92   95.21   97.66   97.87   98.11   98.65   98.55   98.58   98.56   97.85   98.69   98.10   96.97   97.19   98.51   97.84   98.55   98.57   98.67   98.61   98.68   98.75   99.09   99.00   98.71   98.62   99.11   99.19   98.89   98.88   99.20  100.00   99.27   99.24   99.25   99.27   99.26   99.26   99.33   99.56   99.52   99.52   99.52   99.52   99.51   99.52   99.53   99.53   99.53   99.52   99.56   99.55   99.56   99.55   99.54   99.55   99.56   99.55   99.55   99.65   99.65   99.59   99.58   99.58   99.58   99.57   99.57   99.57   99.58   99.58   99.57   99.58   99.58   99.58   99.58   99.58   99.58   99.59   99.59   99.53   99.55   99.53   99.54   99.55   99.54   99.54   99.54   99.53
    45: hCoV-19/England/MILK-BB1100/2020|EPI_ISL_720565|2020-11-17    95.81   96.40   96.84   98.51   97.86   97.95   98.34   97.81   98.52   98.53   94.68   95.28   95.57   95.87   97.71   98.54   98.16   98.70   98.60   98.62   98.61   97.92   98.76   98.15   97.04   97.27   98.62   98.50   98.62   98.64   98.71   98.68   98.75   98.81   99.16   99.06   98.77   98.68   99.15   99.25   99.55   99.55   99.25   99.27  100.00   99.91   99.92   99.93   99.92   99.93   99.38   99.60   99.58   99.58   99.58   99.58   99.58   99.58   99.59   99.59   99.59   99.59   99.60   99.60   99.60   99.61   99.61   99.62   99.63   99.61   99.60   99.61   99.61   99.63   99.63   99.63   99.63   99.63   99.63   99.62   99.63   99.62   99.61   99.62   99.62   99.62   99.63   99.63   99.63   99.63   99.64   99.63   99.72   99.64   99.65   99.66   99.66   99.65   99.65   99.65
    46: hCoV-19/England/MILK-BA9D61/2020|EPI_ISL_783257|2020-11-17    95.77   96.37   96.80   98.47   97.83   97.91   98.30   97.86   98.58   98.57   94.64   95.24   95.62   95.89   97.67   98.52   98.12   98.67   98.57   98.59   98.58   97.89   98.73   98.11   97.01   97.23   98.59   98.57   98.59   98.60   98.68   98.64   98.72   98.78   99.13   99.03   98.75   98.65   99.12   99.23   99.56   99.56   99.22   99.24   99.91  100.00   99.93   99.95   99.94   99.93   99.34   99.57   99.55   99.55   99.55   99.55   99.54   99.55   99.56   99.56   99.56   99.55   99.57   99.56   99.57   99.58   99.58   99.58   99.59   99.57   99.56   99.58   99.58   99.60   99.59   99.60   99.60   99.59   99.60   99.59   99.59   99.59   99.58   99.59   99.59   99.59   99.59   99.59   99.60   99.60   99.60   99.60   99.63   99.70   99.65   99.66   99.66   99.65   99.65   99.65
